time,fx,fy,fz,tx,ty,tz,px,py,pz
0,-0.007185588429271306,0.012074114296287686,-0.01208889958828685,0.08948684451602418,0.05547696955889592,0.04763727956399322,9.900543212890625,0.0,-0.0051330000860616565
10224,-0.005149433721899133,0.013750016833395273,-0.016009195507317386,0.09817896529749248,0.04798833853229567,0.060734700972139066,9.900543212890625,0.0,-0.0051330000860616565
20166,-0.00674254064142632,0.01332582151494921,-0.01587706305317571,0.09027561336598922,0.07148191495239686,0.05072982918210123,9.900543212890625,0.0,-0.0051330000860616565
30176,-0.006330417327582438,0.012990659814440031,-0.017477536751739464,0.105069967377446,0.053166353480662565,0.055700472039021065,9.900543212890625,0.0,-0.0051330000860616565
40553,-0.005044065995811309,0.013388168284371726,-0.0171291939721252,0.10954497732453206,0.048645508230773515,0.04601531938828529,9.900543212890625,0.0,-0.0051330000860616565
50566,-0.005316522212027497,0.013702545911409292,-0.01458718584868901,0.08864004962858019,0.05755395751133463,0.056869259935876215,9.900543212890625,0.0,-0.0051330000860616565
60469,-0.0010454587444654884,0.0042513534942645315,-0.02111988086003791,0.0436536323570067,-0.022483961235881367,0.048327005083969254,9.900543212890625,0.0,-0.0051330000860616565
70483,-0.004436591072976004,0.015787251190729767,-0.014604324533080693,0.09820014755997875,0.04795670964315235,0.033327389095836324,9.900543212890625,0.0,-0.004408000153489411
80594,-0.004763559502660719,0.01363986241478532,-0.013837127337789745,0.12681314577121583,0.0462715433087908,0.03520411708142568,9.900543212890625,0.0,-0.0026680000592023134
90815,-0.008052870108484544,0.01641650839369757,-0.014206358102671679,0.15756535979259922,0.04885809973001187,0.04134301774982241,9.900543212890625,0.0,0.0001740000443533063
101220,-0.008374324840902947,0.01392687325164732,-0.015195991904287887,0.1023005741283356,0.07969796161680875,0.058553176005929686,9.900543212890625,0.0,0.004146999795921147
111605,0.0010068956223139303,0.009357221314571618,-0.023662539927175708,0.05741199957605403,0.0349760969437618,0.04722362338129393,9.900543212890625,0.0,0.009164000046439469
122266,-0.0048500218743079415,0.01840555521946463,-0.010698084653727236,0.10560647720370042,0.07657336492434297,0.07910697505105269,9.900543212890625,0.0,0.015485999290831387
133260,-0.006298061119615284,0.017969406873099558,-0.02061957850094842,0.1397385249727563,-0.016187666810008494,0.03635705127257616,9.900543212890625,0.0,0.02317099936772138
144156,-0.003259072863756707,0.025811738586985156,-0.014371634255162746,0.199894767025377,0.05100850516601696,0.09280588968578485,9.900543212890625,0.0,0.03210300125647336
155125,-0.00778540112048276,0.003038533973209745,-0.018264465448817546,0.03556548060785758,0.05649378742873523,0.005543288596010498,9.900543212890625,0.0,0.04210799850989133
166345,-0.003645857274829911,0.013660838794633756,-0.008244521026089302,0.07611135424420468,0.05900641259267658,0.0690238720782812,9.900543212890625,0.0,0.053534000297077
177712,0.006877275170386277,0.01474391148872689,-0.01675521094255039,0.11235747473239854,-0.05447065247714633,0.034591018702014864,9.900543212890625,0.0,0.0665260023670271
189509,-0.014625365811883562,0.01220018227361197,-0.01409884400464545,0.07213357207000115,0.09294605499863451,0.06532882398314754,9.900543212890625,0.0,0.08140300132799894
201313,-0.001083431542813429,0.01154618856694567,-0.006506470948271392,0.07780989728417609,0.09095664590164887,0.0885214812991375,9.900543212890625,0.0,0.09761399694252759
213338,-0.008451770430802252,0.020997848641127748,-0.013416894999294549,0.1065897199413186,0.09492997101813216,-0.022108885077388507,9.900543212890625,0.0,0.1156229964690283
225641,-0.011042246132790368,0.0012887396283822738,-0.014351345412470629,0.08327571152556601,0.10368579012691725,0.057424722439607834,9.900543212890625,0.0,0.13557499565649778
238761,-0.005221015847026944,-0.0003629331134631375,-0.027118031049929492,-0.053726805051006465,0.19197262845113627,-0.08934678916674166,9.900543212890625,0.0,0.158078997512348
251687,0.0037823408803348,0.028851157762594948,-0.020716893101669243,0.2184372319890926,0.008429676866828828,0.0833069525226584,9.900543212890625,0.0,0.18203300156164914
264810,0.0007035208106049851,0.031250377216786696,-0.020805686145572544,0.20939597491324236,0.10999727469384268,-0.0210038106517505,9.900543212890625,0.0,0.20781400718260556
277977,-0.017122824420630067,0.006600789885632841,-0.0164682118415449,-0.02675974421176619,0.043036499124017524,0.09970029418159321,9.900543212890625,0.0,0.23391400196123868
291251,0.011093432691992255,0.025634286435507248,-0.01635093385498898,0.31504103715296594,-0.1516008871017398,0.07880196507636406,9.900543212890625,0.0,0.26039099611807615
304728,0.00974184779137488,0.01593817094173322,-0.02303548257451382,0.08540525084417538,-0.04579377825111308,0.046695513714439585,9.900543212890625,0.0,0.2872740022139624
317829,-0.0012562544521683705,0.012406954337992104,-0.028613387427813386,0.09061218336317722,0.037102596386816344,0.07834665942426433,9.900543212890625,0.0,0.31319999613333493
330939,0.007573856938779766,0.031068985135070948,-0.021578926755151606,0.24777474713604875,0.005738138364851153,0.0716431954092176,9.900543212890625,0.0,0.33906799473334104
344097,-0.001309632621108836,0.0060899153170368425,-0.019828358357137255,-0.03436809342887415,0.10038103773966256,-0.039437858424522076,9.900543212890625,0.0,0.36516800441313535
357899,0.0018879578933130858,0.01644688358213764,-0.01748348216097817,0.1823963344628723,0.019451524828667743,0.13416473659235884,9.900543212890625,0.0,0.3926309935050085
371252,0.009750160807073804,0.029004425111040844,-0.01893637038387297,0.08513872315302251,0.0401655830953942,0.07380624295376137,9.900543212890625,0.0,0.41931098618078977
384394,-0.0037600537887207963,0.010173205299712773,-0.02544984615165724,0.14124225987318795,-0.046492176784425965,0.06944758264239681,9.900543212890625,0.0,0.44529500522185117
397591,-0.0022181875506035453,0.0005499208845947123,-0.018759390955938926,-0.07039139012366746,0.0834266377100299,-0.005636386144384886,9.900543212890625,0.0,0.47145301022101194
410782,0.011527199232579388,0.05406664003897488,-0.0003391962297625284,0.44652684473213355,-0.11241840208396425,0.17101941504549245,9.900543212890625,0.0,0.49752399243880063
424265,0.0029546627396355163,0.023262409016341357,-0.02288289807572852,0.17171199648484503,0.0283163424976145,0.01589975675225297,9.900543212890625,0.0,0.524291007895954
437358,0.000693915496767783,0.016004347800016694,-0.019477351876645344,0.16056317687772292,-0.002589853942993159,0.11707921030938628,9.900543212890625,0.0,0.550274997134693
450350,0.01186069932103262,0.03219994337532661,-0.009468049458599914,0.2023367449390534,-0.05019486785576177,0.07522547887708875,9.900543212890625,0.0,0.5759399823145941
463570,-0.01108349847048462,0.012180021967552745,-0.017840988936832503,0.07883569732394591,0.06202027446552805,0.1042812098339585,9.900543212890625,0.0,0.6022140077548102
477360,0.022886984250248155,0.008912766234018266,-0.025722362137622135,0.07101816225264201,-0.05863874857768536,0.02105783959295593,9.900543212890625,0.0,0.6297350219683722
490617,-0.0077439655110231875,0.023919656615443596,-0.017215422863698926,0.15567587946240025,0.06923972559973635,0.10282743010234086,9.900543212890625,0.0,0.6560669831233099
503764,0.0011560032978663592,0.007859994805828219,-0.014302315681799627,0.08833185749515593,-0.08021610715255534,0.10547972719289156,9.900543212890625,0.0,0.6820799998240545
516924,0.014501463813186621,0.01247821775481106,-0.0183551327432685,0.019717758863123436,0.017231688051666083,0.08350279503017788,9.900543212890625,0.0,0.70812198438216
530467,0.004724807360769301,0.02698024507034602,-0.024036690104789926,0.22340860854070854,-0.13818777293831275,0.22552244560595547,9.900543212890625,0.0,0.7350340179400519
543760,0.007359375174046612,0.00849984733849829,-0.010030647433100448,0.030771779905109042,0.017862506048526683,0.07659990584060594,9.900543212890625,0.0,0.761423974414356
556993,0.013768733732104632,0.016033381025120752,-0.0256416160961237,0.0769493005730979,-0.046067818627360424,0.027140866191759372,9.900543212890625,0.0,0.7878719858126715
570243,-0.01158245992302831,-0.018863951879106056,-0.017836148711480426,-0.0037331877173869543,0.016427901175319448,0.14558231696169877,9.900543212890625,0.0,0.8143490246729925
583523,0.02623511970073089,-0.001649481537230102,-0.03290428042884841,-0.10194651676987121,-0.16231193824663848,-0.006488759120815146,9.900543212890625,0.0,0.8406809858279303
597254,-0.005826404219269055,0.017528235512451085,-0.015782925748005994,0.05461253866531024,0.024249206714628713,0.04194956503115321,9.900543212890625,0.0,0.8676510147051886
610428,0.0036616038283714403,-0.0006779517344757124,-0.010414705122447465,-0.0358015884826699,-0.039333239268959375,0.18159185141887413,9.900543212890625,0.0,0.8938669852213934
623910,0.010681735523939917,0.03525253698218611,-0.018795423765964436,0.32148190179538005,-0.10703371261895,0.21368730827119187,9.900543212890625,0.0,0.9208079866366461
637677,-0.014533802260457307,0.03152963134896036,-0.0056822196185208895,0.10132024571743159,0.10781126738354274,0.07270937864113414,9.900543212890625,0.0,0.9481259874301031
650892,0.005674922565818363,0.021130966691225828,-0.024383030553011942,0.2821206123547242,-0.08471363389953979,0.1392018404454003,9.900543212890625,0.0,0.9742549947695807
663988,-0.0007661622545116487,0.015052985564582455,-0.01717723804589255,0.04761719721403068,-0.0042798908300696326,0.06614837410736918,9.900543212890625,0.0,1.0003260067896917
677161,0.0012060664212709682,0.031676717184037084,-0.011230000757127101,0.21235175300613207,-0.06573622489050024,0.10168013022929223,9.900543212890625,0.0,1.0265420369105414
690246,0.006222711963654426,0.05067577664766487,-0.01432843377087245,0.38447292403753863,0.02953406367197431,0.21419658850576617,9.900543212890625,0.0,1.0525259665446356
703760,-0.007393151459395231,0.0229714956650513,-0.015486500590033536,0.1511127452767269,-0.013219255066069024,0.0867056179976089,9.900543212890625,0.0,1.079292982001789
717136,0.010022451481820127,0.008132576505392786,-0.016350793935209218,0.08063703850760362,-0.09272360046580985,0.007509310722648266,9.900543212890625,0.0,1.1057699612574652
730258,-0.01335168026208855,0.01822367171615391,-0.013354467585980245,0.07109241995409121,0.11184303496584036,0.03170604061707749,9.900543212890625,0.0,1.1317250422434881
743657,-0.007353679124414647,-0.0007281111994010825,-0.02662273069042609,0.06043654569123191,0.10755891601219503,0.0850699135610089,9.900543212890625,0.0,1.158375947852619
757416,0.002017904995680553,0.03981936723113111,-0.016045577072500095,0.2829879066236387,0.060349847383346145,0.09329579659655529,9.900543212890625,0.0,1.1856070450739935
770627,-0.021971421377955824,0.03353136858310579,-0.0008300894854587071,0.22535357774567188,0.13525418778300136,0.10988687626618798,9.900543212890625,0.0,1.211852043052204
783809,-0.007165064300000079,0.05721443705663121,0.008931872366071403,0.3854500871849851,0.03275366044401551,0.21110461418345672,9.900543212890625,0.0,1.2380100182490423
797232,-0.009728655028640176,0.02022896734271229,-0.014092925618476748,0.2320701330626349,0.072109573197217,-0.0012705291003367591,9.900543212890625,0.0,1.2646900109248236
810625,0.0025532617217307596,0.004354095109403433,-0.011789871046245182,0.12993440429046643,-0.0012238814868084091,0.16440103917106974,9.900543212890625,0.0,1.291225045104511
823832,-0.008834049520491494,0.0168797966079417,-0.008038730568437735,0.0335988378137273,-0.0061010327929267305,0.08204729567840907,9.900543212890625,0.0,1.3173249653773382
836961,-0.004770066931842898,0.02970382168326524,0.00858130795743417,0.16865116295274163,0.08499779166593768,-0.0016462805077832598,9.900543212890625,0.0,1.3433379820780829
850148,-0.02398581713527337,0.027448554149978266,-0.01803505762752078,0.23226351552617075,0.22396326957165513,0.08892176488254222,9.900543212890625,0.0,1.3693509987788275
863354,0.010046262886524993,0.042363294999972156,-0.011696873451247036,0.3596484895267338,0.056492634813782416,-0.029997456337287787,9.900543212890625,0.0,1.395595996757038
876967,0.008658974651992946,0.014371033315435211,-0.019006329828722635,-0.010701893666983153,-0.04484358659803789,0.09262125941030597,9.900543212890625,0.0,1.4226820162730291
890327,0.005220900594890665,0.0002673256940026736,-0.014884820671565713,-0.017100567865334426,-0.1170280165793045,0.11333452080514306,9.900543212890625,0.0,1.4492749861674383
903459,0.010682048016191104,-0.009655131533853334,-0.019907787628359763,-0.06498650174606269,-0.0143041242408799,0.10076449396755471,9.900543212890625,0.0,1.4752009800868109
917257,-0.008448012984096032,0.005898172673247659,-0.024057076431326152,-0.009080841812824758,0.162170729902833,-0.05331232618536852,9.900543212890625,0.0,1.50260600366164
930591,-0.009191736936270622,0.005147470232546247,-0.015955723354665885,0.08875920543842142,0.08183320696979735,0.010050788802503874,9.900543212890625,0.0,1.5289959601359442
943787,0.008336303571165438,-0.006552275729402757,-0.02998130049429726,-0.025851760049313555,-0.18874825947597884,0.0473780801636714,9.900543212890625,0.0,1.5552119902567938
957140,0.00021952464103769387,0.016171513473317134,-0.00984725097142114,0.04154851013682759,0.10657766025304838,0.01616417254962066,9.900543212890625,0.0,1.5815729788737372
970238,-0.0066535393229116835,-0.016195644585154545,-0.03106302405435546,-0.13926342020701554,0.026849373160597878,0.1028879273061083,9.900543212890625,0.0,1.6073250464396551
983864,-0.0028932206484668654,0.01708138037387319,-0.018251996890194633,0.16125480524409852,0.07436247441708943,-0.028069204678423887,9.900543212890625,0.0,1.6344400338130072
997193,-0.005302400886415981,-0.009162674389518566,-0.015393941722474658,-0.07121045306858065,0.002539540489760128,0.06877611985806276,9.900543212890625,0.0,1.6608589581446722
1010455,-0.007620123695432746,-0.0025251353218400663,-0.020265859705432376,0.029366670495868163,-0.11979961571812581,0.12938534641318,9.900543212890625,0.0,1.6872780016856268
1023814,0.004655932833254717,0.03299679162990321,-0.0002843464421848907,0.06877502569135174,-0.014971813343020557,0.08537085634369213,9.900543212890625,0.0,1.7137260130839422
1037587,0.0013327738013870771,-0.004145420063957239,-0.02754966247640578,0.011999193789215212,0.07478967316225038,-0.010027278388365701,9.900543212890625,0.0,1.7408410004572943
1050861,-0.007661805065571681,0.009505027237236563,-0.01548906174793796,0.04478381254129715,0.06043260949656215,0.10215105035647731,9.900543212890625,0.0,1.7672019890742376
1064048,0.0070921925008309294,0.010472901846766414,-0.016461179494261735,0.12263879168778402,-0.0442675673964672,0.03490719358652683,9.900543212890625,0.0,1.793272941489704
1077144,0.009945657382310458,-0.0005761056998743186,-0.03825289899092077,-0.06094393115002816,0.06991752630144177,-0.13902825448524148,9.900543212890625,0.0,1.8192859581904486
1090648,0.002656774362624681,0.011172088568881522,-0.017599594106003202,0.13443832889467444,0.049918783915341436,0.05425818626455836,9.900543212890625,0.0,1.8461689642863348
1103891,0.019071436824501298,0.007637918037511682,-0.033181292150206154,0.0001470297868948478,-0.016442128988806815,-0.0002667358146997145,9.900543212890625,0.0,1.8722979716258124
1117187,0.020325360991061636,0.023719425841160602,-0.007838314541912972,0.2168167558595897,-0.1883561300717318,0.17267050649087778,9.900543212890625,0.0,1.898688047309406
1130460,-2.7626961766724634e-05,0.017131960318125694,-0.023258614177591674,0.08472940053615474,-0.018942421848031188,0.10988873745199257,9.900543212890625,0.0,1.9249909810023382
1143783,0.008981921148598637,0.012364292588569636,-0.01731061965841718,0.1363132997297143,-0.05605829734623313,0.06803372553389408,9.900543212890625,0.0,1.9515549830393866
1157078,-0.01063007845967956,-0.004514001740514972,-0.0165864135076097,0.005896957116796386,0.01357960386603807,0.060740272319911526,9.900543212890625,0.0,1.977712958236225
1170298,0.017150672931373734,0.03126147476229857,-0.02169347364980645,0.2034996744764186,0.008481109838335499,0.09080322529610108,9.900543212890625,0.0,2.003871052642353
1183516,0.0019224705562002065,-0.006066346251591526,-0.04167242677174432,-0.06138946449458871,-0.018558504878285476,0.030644531114026208,9.900543212890625,0.0,2.0301741055445746
1197239,-0.008521108912526998,0.012524356025122696,0.001255721089430395,0.030151962562463552,0.055540036257948344,0.1268746507504961,9.900543212890625,0.0,2.057520954986103
1210571,0.014045918087960185,0.01271217681843817,-0.03980704923856937,0.12019354073475341,-0.09939387908161024,0.14612211476739567,9.900543212890625,0.0,2.0840850762324408
1223714,-0.0030927399897571206,0.019378119877689004,-0.007341182349136943,0.12726288165408306,-0.11319799948424247,0.11923122533921138,9.900543212890625,0.0,2.1102140835719183
1237021,-0.005062137241064413,-0.004231405567265645,-0.009383825207165408,0.001459618883991709,0.135255904348341,-0.02131454349126649,9.900543212890625,0.0,2.136430113692768
1250231,0.012520176506639835,0.01611866596221989,-0.02135605587005518,0.11121646205932478,-0.08238969571977961,0.055683083975610614,9.900543212890625,0.0,2.162704079528339
1263843,0.0011752983364470282,0.02196916764978374,-0.026382645353562495,0.1323991871650847,0.09091591654628317,0.07830916766326901,9.900543212890625,0.0,2.189673989196308
1277033,-0.0033837387484303427,0.03177470611557398,-0.013578311400561205,0.21023243528157565,0.0002338842079012693,0.14618086663350383,9.900543212890625,0.0,2.2159479550318792
1290242,0.011519914175868617,0.0027109036630021954,-0.02289430081900168,-0.06645075930144628,-0.006055340837690437,0.05492600868973874,9.900543212890625,0.0,2.2421930722193792
1303554,-0.0005072622102488822,0.03493959263976665,-0.0021481148391577776,0.21683730315093186,-0.07372271643832562,0.20560091784182966,9.900543212890625,0.0,2.2684670380549505
1317002,-0.0069879351508608245,0.010491684645600463,-0.008375828069335789,0.04952020034368587,0.061032416545302226,0.14176821524959138,9.900543212890625,0.0,2.2951179436640814
1330200,-0.005273027938901276,0.003783578223213624,-0.02311450106538704,-0.002356147155317956,-0.08817871969625557,0.13983800327114793,9.900543212890625,0.0,2.3213919094996527
1343417,0.011889267102480616,0.020243895825259317,-0.011259068572929465,0.1114560431005387,-0.10199248454719978,0.1413259281283974,9.900543212890625,0.0,2.3477240494685248
1357083,-0.015986740651129594,-0.006331505889295874,-0.014288794681429628,-0.031324434424639946,0.05134629082322206,0.13995739116728068,9.900543212890625,0.0,2.3747809819178656
1370314,0.010615195514262599,0.0073412903722007705,-0.022743087613320334,0.0708265984060219,0.001396444467605562,-0.004686334473230858,9.900543212890625,0.0,2.400997012038715
1383522,-0.001643644112049536,0.00962991723917428,-0.02955359346844144,0.1204699456977778,-0.02054683000505264,0.08729656397230734,9.900543212890625,0.0,2.427068083663471
1396902,-0.011772778105735071,-0.008040681988484844,-0.03154100876252919,-0.09594183917965182,0.01939347314491613,0.010808768707699201,9.900543212890625,0.0,2.4537480763392523
1410559,-0.0013687734055509715,0.026652594534047225,0.0036129653130103634,0.1982658077573447,0.11666064341261873,0.08516234614562457,9.900543212890625,0.0,2.481036990066059
1423781,-0.009290619136392397,0.0048385875830803116,-0.015910498755201452,-0.02835270174265503,0.038805902721286145,0.01294543818585403,9.900543212890625,0.0,2.5073109559016302
1437008,-0.011465577682554073,-0.021489422890432097,-0.03755377386804515,-0.027608262770364433,0.041910262844265134,0.133317129704988,9.900543212890625,0.0,2.5334399632411078
1450298,0.003012177867890209,-0.008545632510446044,-0.03273346973095048,-0.09510622402522984,-0.13475809896662838,0.14130154871281242,9.900543212890625,0.0,2.559800951858051
1464106,0.005327722671330637,0.006390772433244152,-0.02394105822693593,0.06407190626170944,-0.06743337270870597,0.046755506523288304,9.900543212890625,0.0,2.5872929982142523
1477343,-0.0004378243669864723,0.012472443010955958,-0.014853009778857285,0.07504477601177939,0.023365147152095034,0.16433768172711005,9.900543212890625,0.0,2.613596051116474
1490681,0.010951151137651216,-0.0021283191207424057,-0.021116682478599103,-0.060982169936039554,-0.13838657584026848,0.08888191925678335,9.900543212890625,0.0,2.6399570397334173
1503779,-0.018820234453379214,0.011108042975403576,-0.014888862311430273,0.16765195143300815,0.030082718404234043,0.06286759548615528,9.900543212890625,0.0,2.665999024291523
1517111,0.01107730652123795,-0.003897512102015055,-0.0018879461216556592,-0.05507131815049604,-0.20081866871968046,-0.04494726779353009,9.900543212890625,0.0,2.6924470356898382
1530674,-0.005702571329175399,-7.903745621318237e-06,-0.005879257245658742,-0.08029115219183325,0.03350843161135586,0.02025717689469353,9.900543212890625,0.0,2.719329922576435
1543859,-0.012581430034636298,0.026888925943710396,-0.005333958413339168,0.20131975499059962,0.06992604290768156,0.12210737963434148,9.900543212890625,0.0,2.745662062545307
1557069,0.008862104792595638,0.0005799034085871568,-0.023246818999348662,0.032745173148356344,-0.01542324676021778,0.0914617290081079,9.900543212890625,0.0,2.7716461113886908
1570798,-0.014850554383396108,-0.00022492069255486413,-0.01839076243836324,-0.0034619462283345115,-0.06670711472541413,0.13008698048111,9.900543212890625,0.0,2.7989350251154974
1584192,0.012276859813333818,0.006475900329947715,-0.018507143511175883,0.08322987016558869,-0.12371804095745276,0.09899891215860812,9.900543212890625,0.0,2.825325100799091
1597558,0.02332927002459817,0.006857068873308725,-0.03000261645477309,-0.016567046211996228,-0.2851720089505605,0.0883912294012692,9.900543212890625,0.0,2.85188898362685
1610709,-0.010258801846801724,0.00773686860468259,-0.00804476602893267,0.03505992591377094,-0.007806996050923942,0.08465925354365034,9.900543212890625,0.0,2.8779309681849554
1624163,0.0009035238191490436,0.01929268845994092,-0.02966638564977675,0.17265405096504338,-0.2881453896485304,0.16822913274090467,9.900543212890625,0.0,2.9044950894312933
1637811,0.002125316122175036,0.0018810970431195617,-0.005935666052661048,-0.11910557449635206,-0.21297417526260176,0.0006870288861176022,9.900543212890625,0.0,2.9315811089472845
1651053,-0.004956226147412757,0.01168709715973626,-0.028823837417177423,0.1330188822782432,-0.20767941327288497,0.07385391861010149,9.900543212890625,0.0,2.9579130104975775
1664323,-0.02743350674033085,0.02402696918614211,0.0033905532624576296,0.010818122526778495,-0.20180676268637399,0.02711312704525959,9.900543212890625,0.0,2.984273999114521
1677588,-0.013271807433067995,0.004471486873254493,-0.004408618507160789,0.07695826534435213,-0.21574020501897095,0.10750454105011897,9.900543212890625,0.0,3.0107220105128363
1690750,0.0046755288940674156,0.021036152617819548,-0.014274236093946513,0.08799359962817022,-0.5978656499485702,0.23930585230421286,9.900543212890625,0.0,3.0367349080042914
1704323,0.007207050114572677,-0.013507735199220106,-0.009538681886158251,-0.0940874650816994,-0.4812588354218015,0.039701857938505114,9.900543212890625,0.0,3.0637339047389105
1717447,0.008788455315531074,0.0008080149866271924,-0.02101675312276896,-0.10699086664531166,-0.41845307051673686,-0.029715483973140167,9.900543212890625,0.0,3.089862912078388
1730672,0.011316127023101696,-0.029564815595373384,-0.01989428233303059,-0.3597817535466632,-0.5796689022830144,-0.1264031091181188,9.900543212890625,0.0,3.116108029265888
1744258,-0.014941259679197572,0.0015184180842713335,-0.022385807200856256,-0.12865968751821555,-0.39056695678487685,0.11517614490311523,9.900543212890625,0.0,3.1429909161524847
1757696,-0.00542394413948033,0.029872884488590934,0.004402882565670119,0.009014085247180503,-0.5478935390557389,0.12256499194126569,9.900543212890625,0.0,3.169583886046894
1771021,-0.003850232041477497,-0.004861683995798005,-0.016539561453684293,-0.13255924998752988,-0.4772564411978486,0.13617767185412255,9.900543212890625,0.0,3.196148007293232
1784283,0.0014087237724669244,0.03294287425756526,0.00588483273372109,0.03508444312981851,-0.48225304667085567,0.07628702190369374,9.900543212890625,0.0,3.222508995910175
1797669,0.005366230791509885,-0.013767114469148023,-0.021525669004730297,-0.2725842025910694,-0.5429554818409699,0.0556625124319261,9.900543212890625,0.0,3.249218075652607
1811262,-0.011666969575284902,0.010176753539852923,-0.00567721246521824,-0.11305646781962508,-0.5421552533803933,0.10882658694852054,9.900543212890625,0.0,3.2761879853205755
1824452,0.003867765393556155,0.0002079840526729715,0.0173842401025448,-0.1719487271302924,-0.4503410755634327,0.027669032133147198,9.900543212890625,0.0,3.3023460797267035
1837664,0.001515617640913458,-0.005228112222962045,-0.024149569196141307,-0.08461341010536927,-0.38579660528958115,0.05431456059213602,9.900543212890625,0.0,3.328562109847553
1851562,0.006452070290745127,-0.0033129506943374576,0.0005315425636620574,-0.04343256707488763,-0.6087808861172235,0.20250592890448793,9.900543212890625,0.0,3.356112091918476
1864741,0.0040697758358723135,-0.013552743835746783,-0.006542480300962161,-0.23806456744879512,-0.4994919331029095,-0.045369851502776726,9.900543212890625,0.0,3.3823278836207464
1878076,-0.015562107104658551,0.030959631566293666,0.009840348425322887,0.14727309711064862,-0.5156738182832292,0.24321102010946838,9.900543212890625,0.0,3.408630936522968
1891504,-0.003302519225775402,-0.01392853118572357,0.0008506235285485886,-0.16244932028982362,-0.4415209824205988,0.08017805290196023,9.900543212890625,0.0,3.4351659707026556
1904684,-0.007902315273879967,0.010429178295582986,0.014201473038644608,0.1565011526790272,-0.4138461593595153,0.06834910330936417,9.900543212890625,0.0,3.4614110878901556
1918254,-0.006419203824399755,0.0040129222062230685,0.0074079876402031175,0.06442675605505599,-0.40098874697298115,0.0566137298852194,9.900543212890625,0.0,3.4882069519953802
1931486,0.0037485400530705704,-0.0008226311066368286,0.001619654319696906,0.02195930847663874,-0.5826543967399012,0.055471164507975956,9.900543212890625,0.0,3.5146261147456244
1944739,-0.01097405618607894,0.019563339476176056,0.02252144451867899,0.20525314897250269,-0.39913545749605106,0.06098096403773745,9.900543212890625,0.0,3.5408709935145453
1958213,0.004002206787169893,0.002812360368557476,0.02035258188095046,-0.0350067383807513,-0.4855952439816349,0.11623034466039428,9.900543212890625,0.0,3.567521899123676
1971718,7.018195271601968e-05,0.00516525990378125,0.01792601246018055,0.014253010493852969,-0.5265827221833206,0.09299307668287149,9.900543212890625,0.0,3.5944629601435736
1984857,-0.018133623744546412,-0.01235579705633194,0.026411269085631517,-0.11001130432322981,-0.4657521862404046,0.08695932725779443,9.900543212890625,0.0,3.620504944701679
1998289,-0.017325844356417264,0.010180508763194318,0.022875831472873642,0.013958881367891252,-0.6229314142344933,0.16081265862688277,9.900543212890625,0.0,3.647156088729389
2011871,-0.00570427414327801,0.04150948506724128,0.03344204599503531,0.2613574603309843,-0.5132734091617195,0.06922607442010253,9.900543212890625,0.0,3.673981039901264
2025084,-0.01229761845797217,0.010350859875977614,0.03756567114159548,-0.041064067527273096,-0.5622305553621061,0.13998961845904567,9.900543212890625,0.0,3.70005211152602
2038213,-0.003827597149311579,-0.004034898658282771,0.025822659553924154,-0.1205664579636192,-0.6026822690491436,0.11775165543753552,9.900543212890625,0.0,3.726152031798847
2051468,0.00939261316090878,0.010362378203533806,0.0329275791992627,-0.06162181341249351,-0.6009151327726308,0.038876476279384065,9.900543212890625,0.0,3.7525421074824408
2064733,-0.004534098725318181,-0.0157815889084707,0.017133410812951944,-0.3138850330680256,-0.5253620599952349,-0.053165768158249804,9.900543212890625,0.0,3.7786129406886175
2078250,-0.02125740409314547,0.015871918011941544,0.0376679372131461,-0.10346589808706597,-0.48228455909297097,0.0299384975003818,9.900543212890625,0.0,3.8055830887751654
2091583,-0.007502061469554011,0.010869587917775148,0.03983340817138714,-0.13123342969268492,-0.404109715916217,0.0012069667188807642,9.900543212890625,0.0,3.832031100173481
2104905,0.013983372801841032,-0.028677247054874844,0.02108944718375927,-0.32192927050285647,-0.6391421737067446,0.045331084697394886,9.900543212890625,0.0,3.85862407006789
2118599,0.006023749243617704,0.030132731166333082,0.06495103156015336,-0.07441196531266314,-0.6634950722447073,0.27180822513267344,9.900543212890625,0.0,3.8857971123652533
2132037,0.0008589231598383762,-0.0035622860664126232,0.05271933689355901,-0.1928119675855342,-0.5857049527098255,0.03823867785468771,9.900543212890625,0.0,3.912535040755756
2145200,-0.022390227322577783,0.011396192907914715,0.06257699847586462,-0.16978292880050816,-0.5233809318213183,0.08240425619475467,9.900543212890625,0.0,3.9385770253138617
2158335,-0.014615811826586,-0.020880762225314653,0.06024656702660103,-0.3034601927765479,-0.6045584164077056,0.08746350017271887,9.900543212890625,0.0,3.9645029000239447
2171691,-0.0011195040768376963,0.024842310444526783,0.06127779219675844,0.03605054364357585,-0.7276164129374969,0.28191033154297784,9.900543212890625,0.0,3.9912410668330267
2185192,-0.006262896748184588,0.048309907516054906,0.09072364823687984,0.07916822946075541,-0.4987385483069744,-0.002164486046247305,9.900543212890625,0.0,4.018153040786274
2198524,0.015867811209262506,0.021013561869301256,0.050537295968049456,-0.03750638867701639,-0.6515499396245197,0.015573278669677393,9.900543212890625,0.0,4.04460081376601
2211820,-0.002446844887732613,-0.0030594451536984923,0.05465586727343563,-0.20186160794206387,-0.6338845967999092,-0.02641125998415106,9.900543212890625,0.0,4.071049063582905
2225247,0.005473390437067405,0.027633366295807482,0.07051404577139753,0.010171410556850446,-0.7021301246526832,0.10027900842550963,9.900543212890625,0.0,4.097555010695942
2239051,-0.00951744622468853,-0.001884222441464134,0.0628584291152654,-0.1849168572470532,-0.5541725109317888,-0.02164194737747316,9.900543212890625,0.0,4.1250179699854925
2252316,-0.012644547359644598,0.015709876760430674,0.08255690671112426,-0.05221753891405001,-0.5339651239414493,0.03542909925531568,9.900543212890625,0.0,4.151234000106342
2265538,0.005419684844614192,0.014296046668738516,0.08907467952236559,-0.10173822537526434,-0.7539476017291875,0.10356445373684053,9.900543212890625,0.0,4.177565901656635
2278809,0.0005319397941239146,0.030592149026841486,0.08677784083277018,0.03707574527539492,-0.6841875267814146,0.08484781146347409,9.900543212890625,0.0,4.2039268902735785
2292138,0.006463238732516974,0.017089381315335883,0.0861224502488227,-0.12453737265229847,-0.5893908892768636,0.1583077637583763,9.900543212890625,0.0,4.230287878890522
2305586,0.00033891396015928166,0.04258124196186719,0.094850378658772,0.07947538696102896,-0.7033787966963629,0.20740225691810288,9.900543212890625,0.0,4.256938784499653
2318856,-0.007627855578362208,0.02320598979115518,0.08419538412287864,0.012875636114557665,-0.44830364587009086,0.06647684377491458,9.900543212890625,0.0,4.283357947249897
2332111,0.012554059732854839,0.006399634458050141,0.0835920064856861,-0.14803117278039224,-0.6268049442744257,0.02050394793219823,9.900543212890625,0.0,4.309777110000141
2345422,-0.009137343792616548,-0.007161988138444597,0.10201569781485986,-0.2813441630968825,-0.5641630718804933,0.03081060639310529,9.900543212890625,0.0,4.3360799244837835
2359155,-0.006607899657784966,-0.009821077475324236,0.10203541827820306,-0.15949810637235373,-0.5102763769978296,0.06505906582839849,9.900543212890625,0.0,4.363397925277241
2372421,0.0037162225469957733,0.004911371073350823,0.0964088757517203,0.025755047656744523,-0.5841713748531063,0.09331811004750357,9.900543212890625,0.0,4.389643042464741
2385708,0.010277520458699119,0.024652590184621737,0.09864318591941146,0.17129698719609365,-0.6699420252525812,0.2609577450883762,9.900543212890625,0.0,4.416033118148334
2399076,0.0054778023031363254,0.03483320594009043,0.1196378010146697,0.2861649284818384,-0.7473309491063667,0.07647391767982192,9.900543212890625,0.0,4.4427998951869085
2412557,0.0035430031347285507,-0.00024315281283060486,0.10806778614502477,0.1203582086902486,-0.6493136395703267,0.07560241271506918,9.900543212890625,0.0,4.469596236129291
2425697,-0.0084662566310163,0.016354158344418446,0.1433753839664167,0.2423026579025418,-0.5972595432703223,0.0075240778794860574,9.900543212890625,0.0,4.495406000991352
2438973,-0.007411065660118066,-0.0006842113680389783,0.11742229641594104,0.17849510995246476,-0.6396694349990817,0.1949086608739936,9.900543212890625,0.0,4.521853773971088
2452254,-0.0039721535229677585,0.01786679918035916,0.11971266777738965,0.2669288536348944,-0.6550230545821805,0.17160741539701796,9.900543212890625,0.0,4.548186152358539
2465459,0.002873208715916231,0.018217111796885677,0.13699101914152578,0.2676326848189561,-0.6601998116537935,0.12394837680771786,9.900543212890625,0.0,4.574430792708881
2478959,0.005042125501335537,-0.0038731717838713653,0.12707185541603838,0.04358254102672987,-0.6832908734162189,0.012486808789557102,9.900543212890625,0.0,4.60108217515517
2492098,0.0002094120848186165,0.02495092523861664,0.13981227106731442,0.19669289831634984,-0.6756236084298806,0.1066599827195347,9.900543212890625,0.0,4.627095072646625
2505329,-0.01513072075396682,0.0019482121637091065,0.1408892187382662,-0.021540329132420766,-0.6283612176068125,0.08453296972129287,9.900543212890625,0.0,4.653282015700825
2518919,0.0038543827190999913,0.005954327173457008,0.14484693947039684,0.002868997489962055,-0.7048445268471539,0.08666730249367482,9.900543212890625,0.0,4.680165141006
2532108,-0.00037437350302838013,0.020485219478681538,0.16186785257168168,0.06121843562200269,-0.6719598761661381,0.18235527115262862,9.900543212890625,0.0,4.706467955489643
2545405,-0.007075490455030309,0.014774196107685933,0.14897069517880723,0.02314515138983353,-0.626887726836209,0.11424794842571018,9.900543212890625,0.0,4.732828944106586
2558503,3.72488456972242e-05,-0.0038278403032194763,0.1434461213487772,-0.11641168018173431,-0.5898683547788899,0.03320104869175644,9.900543212890625,0.0,4.758813231368549
2572112,0.0008619268396503621,0.010317164955810254,0.16151682833857883,-0.06371646553159138,-0.6828471111840031,0.12434677918575687,9.900543212890625,0.0,4.785869925399311
2585358,-0.0023041330552091566,0.009319822337329642,0.14970924676984598,-0.05780701694398971,-0.615702616258563,0.014310446406604171,9.900543212890625,0.0,4.8120859555201605
2598876,-0.017815247133075474,0.027287459999658426,0.18215744871299755,-0.012896858130353905,-0.544491981498453,0.1500616442390914,9.900543212890625,0.0,4.838853209395893
2612261,-0.009772996572851245,0.032797721455656514,0.17830187828842625,0.03874341896894862,-0.5749021212334959,0.17861034403625808,9.900543212890625,0.0,4.865445940871723
2625869,0.017422291753888874,0.005571375734843675,0.16616815051492306,-0.14506584555912383,-0.7324478561884185,0.031235949706545085,9.900543212890625,0.0,4.892213194747455
2639067,0.037687298425734816,0.019253556249923642,0.17456415768589828,-0.08733878941114881,-0.7142353046746557,0.12403702326666455,9.900543212890625,0.0,4.918429224868305
2652313,0.028295949116051933,0.02093887686289908,0.13438074892975393,-0.09028870480432971,-0.8425462501107219,0.10366015505470294,9.900543212890625,0.0,4.944702952285297
2665796,0.004595014859736679,0.029517923476286345,0.21344748986568352,-0.11577048897650144,-0.6670970456503369,0.19707475448530154,9.900543212890625,0.0,4.971586077590473
2679058,0.015028916111589297,-0.0038969799817725193,0.1516133391956629,-0.11515846920955397,-0.763214755960707,0.017045594688317678,9.900543212890625,0.0,4.998004763503559
2692322,-0.002727085368930293,0.03805002756364684,0.2020811141485721,0.050431477452960394,-0.6993591295544803,0.07641110839493415,9.900543212890625,0.0,5.024249880691059
2705464,-0.013313069932758381,0.006491043501235971,0.19986003460388702,-0.07137924640220206,-0.7375176151528962,0.2059744757629538,9.900543212890625,0.0,5.050146906753071
2718860,-0.0017650065544243532,0.009364137966856534,0.20436990650080222,-0.014409807214740056,-0.8347007535606643,0.18644293236859255,9.900543212890625,0.0,5.076740115066059
2732206,-0.009807087016700855,0.010407402184457126,0.20507694390937736,-0.1312753450092714,-0.7311488489022864,0.0744982336966693,9.900543212890625,0.0,5.103216975112446
2745513,0.00033864836812114163,0.022130856841206414,0.2028362446850549,-0.07204606255531587,-0.8187506236803586,0.10135634746849398,9.900543212890625,0.0,5.129462092299946
2758845,0.024900608081520392,0.014640496389009217,0.22111230956416605,-0.08869410532813049,-0.9006174089917565,0.01285444797825086,9.900543212890625,0.0,5.155735819716938
2772606,0.009926113031209383,0.01454174513783335,0.20602259150344882,-0.09549907855037532,-0.8277298894558882,0.08534543615166079,9.900543212890625,0.0,5.182792990584858
2785869,0.008047476207912574,0.006427950472422284,0.20717692025151102,-0.1450030420586046,-0.8112990682809063,0.09875163803916465,9.900543212890625,0.0,5.2092698506312445
2799185,-0.0020582920068497046,-0.004050300409718988,0.20577790563844278,-0.24090112694419474,-0.6985668230159625,0.0345664223424329,9.900543212890625,0.0,5.235718100448139
2812430,0.010163654026091873,0.03387918458897654,0.23915784920778105,-0.0763872160476069,-0.8295536165685959,0.1992421507455031,9.900543212890625,0.0,5.262050001998432
2825616,0.0025285152798897315,0.01678801745086922,0.21032255022138457,-0.027593995644899394,-0.6531660948486646,0.07077227553829424,9.900543212890625,0.0,5.288266032119282
2839044,0.011927333242893745,0.016034975226670634,0.23649768297359408,0.04981922923758475,-0.7057513430765248,0.046056529406458324,9.900543212890625,0.0,5.315090983291157
2852291,-0.009487084060012307,-0.0030888954959062964,0.24247298614107127,-0.014625097282973343,-0.7030685093618914,0.0991136619522397,9.900543212890625,0.0,5.341307013412006
2865629,-0.0051997490081179265,0.0025224015623335205,0.24971392419800242,-0.08079841635801444,-0.6702092346838135,0.08117910100311043,9.900543212890625,0.0,5.367783873458393
2878966,-0.014551014918386507,-0.0003174336191265059,0.25229581656940336,-0.0080904215428248,-0.4717952843947728,0.04693280611164674,9.900543212890625,0.0,5.394115775008686
2892452,-0.010450901998578566,0.0308347989185902,0.25712938912414085,0.340398209596124,-0.6856535964684234,0.22263274066917482,9.900543212890625,0.0,5.420853941817768
2905729,0.002937286212445045,-0.0018018711555001232,0.25929029385030233,0.11682450750902262,-0.6341985076273993,0.1287976316316417,9.900543212890625,0.0,5.447214930434711
2918859,0.015312569696307676,0.04428141573302491,0.25130016057916116,0.47008207701586,-0.7605671970473225,0.1311753932490216,9.900543212890625,0.0,5.473256914992817
2932454,0.0064594063508520705,0.017996009444668948,0.26873651402138243,0.2531334745090419,-0.5317774733747562,0.04924305709876009,9.900543212890625,0.0,5.500255911727436
2945704,0.0024426017057903593,0.009997263785079813,0.28121333672903503,0.30116357899479596,-0.6837785724212253,0.11524959329642215,9.900543212890625,0.0,5.526413767714985
2958828,-0.011944700658320428,0.008179284006357257,0.2637166831755646,0.23051172339528136,-0.6314198035356391,0.1396441967675095,9.900543212890625,0.0,5.552629797835834
2972099,-0.009020133660732732,-0.002492857956513328,0.28287396293409195,0.11735875730813206,-0.6618482686494325,0.09412999273099132,9.900543212890625,0.0,5.579019873519428
2985337,0.005808019980192647,-0.002913150788694585,0.2877533882988992,0.036148109758045166,-0.8486430280548376,0.0771766586197895,9.900543212890625,0.0,5.605409949203022
2998938,-0.003249995185135912,0.01595254760526177,0.2830664107079066,0.20026192187838632,-0.7677415119814945,0.057870152600481006,9.900543212890625,0.0,5.632379858870991
3012103,-0.003097844209968059,0.0028223173058785633,0.29171253843762024,0.036063302882759274,-0.7158747128236271,0.09512062906049223,9.900543212890625,0.0,5.658335059066303
3025409,0.0059180299040684226,0.0017986732914299086,0.28218497818849997,0.05131375088900114,-0.8105101243820805,0.16027702001430022,9.900543212890625,0.0,5.684899180312641
3039076,0.012690868605972128,0.011668767043203188,0.29711974800303587,0.009940885650962628,-0.7327347922593361,-0.017240633667560346,9.900543212890625,0.0,5.712043135543354
3052371,-0.0053479007446757265,0.002118141727224021,0.3157723569478845,-0.0023635250873113023,-0.7503948579370991,0.1124184612875414,9.900543212890625,0.0,5.7386067799525335
3065581,-0.013588085784911108,0.004177449471802097,0.3013951634503904,0.04179952901020556,-0.6744806744092742,0.09865671244517138,9.900543212890625,0.0,5.764910071273334
3078672,-0.003505025252997118,-0.001138204725757097,0.3298666552137588,-0.03671481090173501,-0.773438097391427,0.05912704616405051,9.900543212890625,0.0,5.790807097335346
3091804,-0.019777957501410537,0.019808799565732782,0.3198937651810061,-0.015021423709690396,-0.7413757970187049,0.20614599364399844,9.900543212890625,0.0,5.816964953322895
3105236,-0.03387835055023336,-2.470574706792128e-05,0.3477748697198937,-0.03863265444390862,-0.5559533804292975,0.0035012929175799457,9.900543212890625,0.0,5.84381899156142
3118547,-0.022271867681741497,0.029350869341567387,0.3254255652462694,0.11403050727717812,-0.6046329658705005,0.12866074011824757,9.900543212890625,0.0,5.870150893111713
3131751,0.009271559267342688,-0.00913670722722948,0.3372815163992344,-0.19722561755858692,-0.7226460268877446,0.054939048072546015,9.900543212890625,0.0,5.89630922593642
3145052,0.003976614523828914,-0.006958741358294995,0.32391894953273326,-0.1692814849358797,-0.7922167308008667,0.03100492199487981,9.900543212890625,0.0,5.922641127486713
3158871,0.0011690866100790842,0.04067878064453656,0.37216834174364877,-0.005563954078411371,-0.795753256217246,0.2918389783745994,9.900543212890625,0.0,5.9499009541468695
3172183,0.005864671092928209,0.044659934954494274,0.3392156593874107,0.20335250143430983,-0.7076901382234659,0.07261478131160182,9.900543212890625,0.0,5.976349203963764
3185371,0.008982219741643593,0.041607600602582506,0.34827945693559936,0.03390503884434537,-0.8091473582512165,0.08329866354607063,9.900543212890625,0.0,6.002593844314106
3198671,-0.017462238674162744,-0.005246697785332266,0.36083220302142216,-0.1301988498727269,-0.8566369675427694,0.11310043261982372,9.900543212890625,0.0,6.0289839199977
3212218,0.003258768618108032,0.01703760316416658,0.37269052950516457,0.02593898501023517,-0.9257292374414234,0.1449803930528457,9.900543212890625,0.0,6.055808871169575
3225347,0.008290444047750256,0.012682139083892485,0.3619796077641846,0.0024719748521562224,-0.9554430130323794,0.08252838438585286,9.900543212890625,0.0,6.08182176866103
3238518,-0.007717615456579896,0.031628244639262615,0.3745670263386529,0.06044920179061819,-0.9137042133736628,0.12891635678537128,9.900543212890625,0.0,6.108183234115131
3251681,-0.0013883264303200527,0.04960893072113448,0.38967564803317245,0.2023590973967373,-0.9319342818574654,0.13353501257121358,9.900543212890625,0.0,6.134282915969379
3264987,0.008097496958673567,0.033427869676202926,0.3895194964334374,0.06880199660815123,-0.7971893297241692,-0.036231932351588725,9.900543212890625,0.0,6.160672991652973
3278486,-0.008803355832695203,0.02278751055441819,0.38782300408609327,0.03590227573417337,-0.8400881864377858,0.11334624567963125,9.900543212890625,0.0,6.187266199965961
3291753,-0.012211251032054449,0.007564191958681077,0.3930515276772528,-0.17908281100601187,-0.7393593742270816,-0.04178852850012582,9.900543212890625,0.0,6.21342405595351
3305121,-0.00994399846881544,-0.0063506352227922225,0.40908705267593426,-0.11817162789098745,-0.950573551036868,0.046820551969558366,9.900543212890625,0.0,6.240074961562641
3318919,-0.004435652120708955,-0.00381622848108365,0.41142793360307905,-0.2031436294649538,-0.704655950680376,0.018151891625672434,9.900543212890625,0.0,6.267392962356098
3332075,0.007578306061328366,0.0018837112123522015,0.3949290263602885,-0.06506305919140232,-0.8056046954797225,0.017603081718757352,9.900543212890625,0.0,6.293376772780903
3345313,-0.0006113883095975048,0.02392464227326263,0.4052861589055512,0.1330939836021514,-0.7590399716416023,0.09595886030606948,9.900543212890625,0.0,6.319738238235004
3358495,0.003711808368266123,0.016937180359363424,0.42566893796607896,0.1024531949036529,-0.7918439341896786,0.13898341633498568,9.900543212890625,0.0,6.345982878585346
3371699,-0.0006122346407169132,0.013351499755009932,0.43221952560879373,0.08601155783586023,-0.5983496937464174,0.08294736430935501,9.900543212890625,0.0,6.372286169906147
3385169,-0.013989578838347505,0.023744734349921304,0.42190795728109887,0.3666951538129908,-0.6982470167486383,0.14326370747871664,9.900543212890625,0.0,6.398966162581928
3398443,0.009781079970896833,0.01707908512048495,0.42903851771257884,0.21230322768926868,-0.6650871223370736,0.16717161154411642,9.900543212890625,0.0,6.425065844436176
3411591,0.0299000865408785,0.026062749200984836,0.4300656594377017,0.36774079961180206,-0.9556245787397053,0.17345671377070282,9.900543212890625,0.0,6.451281874557026
3425148,0.0019116356995709793,0.02844417610198291,0.46413193170323996,0.39402782748557286,-0.6257545698575697,0.10492907154157649,9.900543212890625,0.0,6.478106825728901
3438418,0.009713467525244823,0.002943141609579092,0.4428647168932853,0.2960446740916396,-0.8289922390879738,0.046397726458311084,9.900543212890625,0.0,6.5044969014124945
3451589,-2.9941061138405445e-05,0.011133259759992908,0.4390621109665931,0.31602188127890685,-0.640633289231662,-0.012267361864894966,9.900543212890625,0.0,6.530800192733295
3464757,-0.011118749552368357,0.008935305093750845,0.4577522606355702,0.2118420667343628,-0.770858326760532,0.19961632011480646,9.900543212890625,0.0,6.55681309022475
3478367,-0.0061477288353435355,0.009397951907366586,0.47012743517771405,0.24723845210387907,-0.7585588353881256,0.08539333219751732,9.900543212890625,0.0,6.5838988713221624
3491560,0.008323366361260742,0.012835172948166607,0.47725712053604497,0.2699661900014405,-0.9657229279252917,0.0762070101822161,9.900543212890625,0.0,6.6101439885096624
3504783,-0.008156775587200293,0.024129629621505666,0.48158297044903087,0.32972881022408274,-0.6176041877293592,-0.016786723265648007,9.900543212890625,0.0,6.636418192763813
3518335,0.009757251567543257,-0.00627323298461735,0.4720342152785513,0.05306067287281735,-1.0015721604721293,0.02960919918142224,9.900543212890625,0.0,6.663445799727924
3531549,-0.004171226381659121,-0.0020123191782082106,0.48520437211506096,0.1509092868571713,-0.8134748650743084,0.017877973896935018,9.900543212890625,0.0,6.689400999923237
3544666,0.00023731005996507903,0.024477213807627685,0.5123890347599245,0.3169143348208081,-0.9257821193367235,0.15687745134331266,9.900543212890625,0.0,6.715356200118549
3557893,0.01601132708966846,0.012759215617627051,0.49239498613610877,0.18659327395975112,-0.8883397519593004,0.12828598578095374,9.900543212890625,0.0,6.741543143172748
3571428,0.004085169023276158,0.03391083910077852,0.499052165266872,0.21313107512489182,-0.9099067351725729,0.12588951598346476,9.900543212890625,0.0,6.768280833144672
3584542,0.0050778409767158195,0.01889218881882715,0.5217652282219385,0.08894935113675473,-0.8825403780010355,0.13296942667029832,9.900543212890625,0.0,6.794206946273334
3597786,-0.006088977263271289,0.0020438225656003173,0.5376190130542975,0.11642404953330754,-0.834053411885499,0.0729952268055829,9.900543212890625,0.0,6.820336192031391
3611155,-0.0024813500311964276,0.026444049960673288,0.5358627472020698,-0.034231296988650683,-0.7636059833319457,-0.060459580963998505,9.900543212890625,0.0,6.846958010573871
3624792,-0.01622970694899495,-0.0001249099352951255,0.5400843218353399,-0.011518665065167966,-0.9002921968022015,0.11705118620097643,9.900543212890625,0.0,6.8740437916712835
3638011,-0.0011281101435414165,-0.0017482468491787362,0.5259092598190911,-0.24079571480512385,-0.7767786979781093,0.048569156831353766,9.900543212890625,0.0,6.900404780288227
3651195,0.02511546064883552,0.01148529875963944,0.5511225808249423,-0.05021408170752295,-0.9340343755427014,0.08529742819726316,9.900543212890625,0.0,6.926359980483539
3664423,0.024026254024505977,0.008389636790454347,0.5152246443095807,-0.162294505430161,-0.8780388404250168,-0.026648159612120637,9.900543212890625,0.0,6.952662794967182
3677990,0.01550474424421866,0.039944034127295414,0.5581692294704919,0.06711833584979132,-1.0064185027357944,0.11527292886316687,9.900543212890625,0.0,6.979545920272358
3691185,0.0017634461289648407,0.025239778912067523,0.5735300880396377,-0.06224697352305242,-0.8711378635360383,0.05260380195215397,9.900543212890625,0.0,7.005820124526508
3704422,-0.005971678119003343,0.04453251695424365,0.5633690069101753,0.08909244456939547,-1.0641434905548408,0.16267778411015854,9.900543212890625,0.0,7.032036154647358
3717856,0.0048559980648761325,0.019079874406308095,0.579576075273903,-0.003673440581565046,-0.9992134245465749,0.05283024084389254,9.900543212890625,0.0,7.058628886123188
3731462,-0.009026098795532178,0.027351714883819378,0.5722274548833823,-0.00268385628156409,-1.0676221474319725,0.10498580065839036,9.900543212890625,0.0,7.08539613999892
3744579,-0.0018380091544973887,0.011513941206783285,0.5908070873352891,-0.1388804646619377,-1.051080353051276,-0.0009989465951942833,9.900543212890625,0.0,7.111379950423725
3757776,-0.006307466722427879,0.03857725238166787,0.6181333869408823,-0.042399912415589824,-1.077453193811177,0.14233437713988017,9.900543212890625,0.0,7.137566893477924
3771029,-0.010670110580920156,0.041730847677589056,0.5985708837026369,-0.02678002242102906,-1.0488573711873599,0.18993139778509693,9.900543212890625,0.0,7.163812010665424
3784761,0.007015251122713728,0.02096738708429058,0.6061313586614281,-0.16381059790350605,-0.9937938382193465,0.1010318391502647,9.900543212890625,0.0,7.190897791762836
3798042,0.005201492092014703,0.004155697086751786,0.5917522821882368,-0.24772581844508323,-1.146249537239374,0.032647959930299564,9.900543212890625,0.0,7.217201083083637
3811127,0.0028634030848748715,0.008039638743996713,0.6205071240100271,-0.3026170871762943,-1.0069399395275127,0.07023140837371322,9.900543212890625,0.0,7.243127196212299
3824376,-0.005519097604453016,0.014357203414142372,0.6397977883051347,-0.03799730487398989,-0.9977492535188794,0.09477404395639866,9.900543212890625,0.0,7.269400923629291
3837682,-0.002262359613477649,0.045271587131098245,0.6338036883644014,0.036194144800298034,-0.9232987388212948,0.22287682788051555,9.900543212890625,0.0,7.295790999312885
3851114,-0.008918773397504243,0.03425838309027274,0.6526779573450243,0.19638531646833002,-0.8935993924029191,0.08387020881004759,9.900543212890625,0.0,7.322210162063129
3864356,0.008118192759156706,0.02778500020325203,0.6526603166624909,0.24313009865954172,-0.9407689094114318,0.217994386836887,9.900543212890625,0.0,7.348571150680073
3877585,-0.018582619888185548,0.02552267574809508,0.6600754763204613,0.24569588188909108,-0.728416206415595,0.09428802227057353,9.900543212890625,0.0,7.374932139297016
3890990,0.00612854139804897,0.02724836628705285,0.6772842721381798,0.39841449726656464,-0.8880107147131895,-0.05839563184365737,9.900543212890625,0.0,7.401438086410053
3904998,-0.020248926655351163,0.005650701081007847,0.6679545329269772,0.4629329993604898,-0.7931379869806818,0.1910707129587248,9.900543212890625,0.0,7.4293650082545355
3918158,-0.00412709936737965,0.05567913663215984,0.7024121791397784,0.6791117233311326,-0.7984722876197097,0.1570675927307459,9.900543212890625,0.0,7.45534881867934
3931450,0.003490205833614368,0.0015472961832583287,0.6888196106716986,0.4061110785541686,-0.9318147793522513,0.12582592759683742,9.900543212890625,0.0,7.481681197066791
3944589,-0.006728889681397732,-0.010572851617485446,0.6747843329069019,0.56342664017685,-0.9443514472253618,0.00921779534667877,9.900543212890625,0.0,7.507925837417133
3958044,-0.0019316659033288275,0.015682830437049544,0.7073780775440488,0.6919429135622792,-0.9917097035285849,0.03497655448295234,9.900543212890625,0.0,7.534664004226215
3971172,-0.007403361939489095,-0.013114101788401333,0.698741211449355,0.47798582204855933,-0.9672938454578812,0.023579134369940746,9.900543212890625,0.0,7.56064781465102
3984306,-0.00532503493428127,0.010762793264538217,0.7088086876262736,0.6732044907884287,-0.9892887453682739,0.012625954007505769,9.900543212890625,0.0,7.586806147475727
3997663,-0.01790406567871461,0.003951639507338678,0.7138305100838105,0.6021537779954826,-0.9137551273982218,0.18458106898091664,9.900543212890625,0.0,7.6131089619593695
4011084,-0.01745077095001868,0.0047374278448526486,0.7322684613540771,0.6421964653276646,-0.9864938407123098,0.10899259277895013,9.900543212890625,0.0,7.639673083205707
4024532,-0.01569362581163558,-0.006965614647194807,0.7335125581396378,0.45843129388659776,-1.0214442061245457,0.12333081206403662,9.900543212890625,0.0,7.666382162948139
4037713,0.0018105541750799148,0.010732890840768894,0.7583551548282808,0.3686662416382873,-1.0482383249625613,0.08794923736899918,9.900543212890625,0.0,7.692481844802387
4050801,-0.019812771116494154,0.006029608763828964,0.7410029401045302,0.30243129245959466,-0.8349018880571428,-0.008423228648231529,9.900543212890625,0.0,7.718407957931049
4064633,-0.00024454210132285326,0.01899764467246845,0.7887076807267226,0.3297392347437196,-0.8718343650493061,0.12359191868297792,9.900543212890625,0.0,7.745755045791157
4077962,-0.019326349309086055,0.015661377929151454,0.7670035196968916,0.24350263753637336,-0.7962304096378396,0.0026492565105851185,9.900543212890625,0.0,7.7724059514002874
4091236,-0.00912970435768301,0.01853996775522848,0.7852174757090218,0.11297261155985439,-0.8941160922767288,0.08144289934158166,9.900543212890625,0.0,7.79870876588393
4104418,0.00048512822926127797,0.020041375830993413,0.8049406024829304,0.11731940936871155,-0.9156826127952371,0.011857132784799163,9.900543212890625,0.0,7.8246639660792425
4117534,-0.03029876343250182,0.05103552060790406,0.7945879042410109,0.47023856047354684,-0.8747674182537253,0.1671384272264671,9.900543212890625,0.0,7.850764124770649
4130990,-0.021644698601066104,0.02142921397320996,0.8290832248105859,0.28857984304085704,-0.6738751058441466,0.09169571118988173,9.900543212890625,0.0,7.87744411744643
4144274,0.010159635258616184,0.027696761954352667,0.8220432871805885,0.1882493974924131,-0.8367411176875272,0.12509053034849416,9.900543212890625,0.0,7.903776018996723
4157287,0.012671115026474666,0.015371142005547789,0.8182010688201347,0.22704813773162158,-0.8067451390767104,0.13572185567744022,9.900543212890625,0.0,7.929788916488178
4170609,0.006193432993293779,0.03320657693870421,0.8204606464882946,0.3369731050101663,-0.9371427018156631,0.13806135698370525,9.900543212890625,0.0,7.956178992171772
4184247,0.002412230198681975,0.01735138647541401,0.8344442196604618,0.19081177249111647,-0.9360935290144425,0.0756917350232591,9.900543212890625,0.0,7.983293860335834
4197556,-0.016970979870855274,0.009392682343125403,0.8519610166476674,0.12393853909186703,-0.9810091390532278,0.05578761370301066,9.900543212890625,0.0,8.009886591811664
4210765,-0.0005984361064430566,-0.0008578981409961273,0.8521424409960217,0.0971704773856672,-1.1316140558156427,0.06227511810913633,9.900543212890625,0.0,8.036189883132465
4223946,0.014505356603861763,0.022023336526304504,0.8458146772299706,0.28800129011676034,-1.1954896830970085,0.06396396620020184,9.900543212890625,0.0,8.062406390090473
4237395,0.005552511764169488,0.00959883451730037,0.8630050311985613,0.18033336321756366,-1.2221001901991642,0.1149996119330794,9.900543212890625,0.0,8.08894142427016
4250640,0.003279020095766416,-0.0009241288444397089,0.877387739597113,0.07509178323470422,-1.0597451520630692,0.0336235997408636,9.900543212890625,0.0,8.115243761916645
4263798,-0.016016298319100564,-0.0032042801753426886,0.8985666636917742,-0.023721640352682982,-1.0911805485819244,0.10247136367492438,9.900543212890625,0.0,8.141257136245258
4277086,0.01279975338339856,0.01799879789300296,0.8872644726621361,0.16309430665813807,-1.044471231806579,0.023525958440229644,9.900543212890625,0.0,8.167733996291645
4290451,0.0040569578456888244,-0.0009565595754981171,0.9001425960531844,-0.10865530793086009,-1.0899694648529632,0.1340471188001331,9.900543212890625,0.0,8.194124071975239
4304001,0.0008894521379478881,0.033806309458613626,0.9307285526332265,0.24160430321975923,-0.9953287191817211,0.15447491933733204,9.900543212890625,0.0,8.220920412917621
4317214,0.000502232435346972,0.008573201757520854,0.9163965502600373,0.10036027123526026,-0.8704511095984309,0.13042021107405155,9.900543212890625,0.0,8.247077792068012
4330564,0.008296666901112193,0.009686926862299883,0.9232791773241766,0.15534070989653515,-0.8759400505414625,0.06930306170225009,9.900543212890625,0.0,8.273815958877094
4344199,-0.010535492995380924,0.01878179868206442,0.9614004107324785,0.45029953625872565,-0.6958691446448881,0.08327199399500884,9.900543212890625,0.0,8.30075725831557
4357380,-0.006688016629218474,0.012714807481318813,0.9485031086854638,0.373984211904407,-0.8077008284108338,0.1345205527421829,9.900543212890625,0.0,8.327030985732563
4370727,-0.0017240483909835014,0.015989522072971107,0.9614366087147594,0.6548660996088387,-0.7281048390284148,0.06868455147445296,9.900543212890625,0.0,8.35350784577895
4383752,-0.012581801668106518,0.0028573316954823014,0.9758426811312892,0.5001084917081897,-0.6508761139570183,-0.05371544173456755,9.900543212890625,0.0,8.379376261611469
4397046,0.019760351708829837,0.002701570010260168,0.9782302879891542,0.6848993352673958,-0.9644618712478881,0.01607248243890602,9.900543212890625,0.0,8.405678599257953
4410690,0.00174502764284723,-0.0025840730555350966,0.9986141928805417,0.7679665561728157,-0.9186810431677124,0.018545619111804967,9.900543212890625,0.0,8.432794421096332
4423751,0.004876296176315353,-0.0036644280274209518,1.0020216141603893,0.7682935592918128,-0.8979282223074172,0.12153691800951805,9.900543212890625,0.0,8.458748667617328
4436758,0.007361893090010341,0.017685126965791165,1.0039131324128814,1.0430480262713147,-0.8928117765206167,0.07867076672241069,9.900543212890625,0.0,8.484413950820453
4449952,0.009599513827265316,0.021474102259352756,1.0111646434707202,1.0980407457810628,-0.9750750862169255,0.07756310503206976,9.900543212890625,0.0,8.510630457778461
4463651,0.008788716223539161,-0.0009954468724875376,1.0279041541745517,0.9589873027494562,-0.923465183857985,0.06669910938121326,9.900543212890625,0.0,8.537832110305317
4476949,0.0021508936613807705,0.008038270003199788,1.035836192955971,1.0469710820649567,-0.9305911506663307,0.03193595070228028,9.900543212890625,0.0,8.564192622085102
4490106,0.0033685056883099307,0.0019490657359366725,1.0595421563595542,1.0702562202161516,-0.9455126097679134,0.09269838426530264,9.900543212890625,0.0,8.59003242768813
4503178,-0.0002837801060073808,-0.03644258854679716,1.03916804724373,0.6667027875889886,-0.9924792457315341,-0.15773511820383312,9.900543212890625,0.0,8.615899889846332
4516581,-0.007004993526934733,-0.0070936335712668,1.0735799538594488,0.9258291764548403,-0.9758798353692946,0.013508119207918057,9.900543212890625,0.0,8.642609446425922
4529751,0.0021973138126742953,0.02414051376484383,1.08888994715862,0.9936402032990728,-1.0980052867770205,0.14292203682608928,9.900543212890625,0.0,8.66868004121352
4542906,-0.009312459986507093,-0.009949523103758517,1.083711963971333,0.746729203519223,-0.9290067402678694,-0.007532025948538745,9.900543212890625,0.0,8.694838374038227
4556169,-0.0022708422684663,0.001641787859201882,1.10460116471529,0.7660743496041036,-1.1133066417779034,0.09157863229587626,9.900543212890625,0.0,8.72108253755141
4569376,-0.015111677234767917,-0.01906702456176279,1.1236099514436724,0.6229499562153222,-0.9353822899425062,0.02414640940964219,9.900543212890625,0.0,8.747182696242817
4582817,0.016290135561228603,0.00831970558553996,1.148381588174403,0.7005695682075626,-1.1241487727400639,0.05384217913687017,9.900543212890625,0.0,8.773805468459614
4596071,-0.0331532119199629,0.021693602922931765,1.1236981755227609,0.6905815610358133,-0.947615965060745,0.06595977612562542,9.900543212890625,0.0,8.8002241543727
4609595,-0.03862435994833646,0.03875895520336936,1.1740612387765204,0.8915259113490563,-0.7580452720081823,-0.01922608045078711,9.900543212890625,0.0,8.827107279677875
4623284,0.004627456110716466,-0.012262830876558661,1.1507040726576747,0.44430561774209565,-0.8517857226580432,0.13721739099427843,9.900543212890625,0.0,8.854337542434223
4636542,0.027038974341154542,-0.015588939880281538,1.1605648805849258,0.4287856610982175,-1.2097148970846874,0.08409753389179642,9.900543212890625,0.0,8.880379526992328
4649829,0.017076989999116776,0.00027024938546160726,1.1919870107101653,0.528569253660585,-1.051810172840959,0.11304537566490325,9.900543212890625,0.0,8.906914561172016
4663253,0.022382216025293555,-0.00428106845356524,1.1845308412908766,0.4308560356752622,-1.1497681105017676,0.09617786295719277,9.900543212890625,0.0,8.933682291884907
4676471,-0.0007921377804871454,0.011449869530871792,1.2178278299859917,0.5090690940092486,-0.9915202475303388,0.026472659584506175,9.900543212890625,0.0,8.959782450576313
4690126,0.00534932148307643,-0.014549091105386491,1.2048076163054269,0.4776195005875792,-1.1297173911088727,0.08636728790961001,9.900543212890625,0.0,8.986722796340473
4703229,-0.01185147114097962,0.0017990042595568134,1.239493066658527,0.5229816469441317,-1.0757591986033361,0.10228702647432719,9.900543212890625,0.0,9.012591212172993
4716390,0.005265857408048191,0.00648020392328541,1.2310839976844195,0.4967962880381904,-1.1735393036031745,-0.047639812820255756,9.900543212890625,0.0,9.038719981093891
4729707,-0.00954071193218109,-0.002681608656942336,1.2331865493509184,0.4286176131552466,-1.183232424488068,0.14579193639069743,9.900543212890625,0.0,9.06531318940688
4743415,0.004699183240235882,0.011288498254046209,1.2702334736558054,0.5647790080909445,-1.2555776360307647,0.23387731086842578,9.900543212890625,0.0,9.092514841933735
4756678,-0.011304974322616346,0.013429912144616196,1.27354020020105,0.44511926049366934,-1.042967670858502,0.05899169207476085,9.900543212890625,0.0,9.118788569350727
4769791,0.006750761747957412,0.003232581854313521,1.2857793367038672,0.28983525882765804,-1.0969813686268068,0.06684638454913916,9.900543212890625,0.0,9.14480194367934
4783002,-0.003308101796805296,-0.034185410193577015,1.2789059139581775,0.061310828399513184,-1.0517290788011309,-0.008797287176923518,9.900543212890625,0.0,9.171105235000141
4796550,0.002193054476977263,0.011588651160150842,1.3238373120911433,0.435873919395803,-1.1190994230088585,0.14995546967402085,9.900543212890625,0.0,9.198016970534809
4809800,0.004144505752325944,0.010420075227618453,1.3216904951488972,0.28595868402928204,-0.9782185686019105,0.054766037772596476,9.900543212890625,0.0,9.224145739455707
4822935,0.004957839319706725,-0.00043910097904431566,1.3363559476756306,0.43958176446095365,-0.9891028580854844,0.0713585007175066,9.900543212890625,0.0,9.250129549880512
4836232,-0.004757856931983273,0.02196878317780815,1.3604105710316459,0.5583117684966368,-0.8024345071673444,0.05701158524237293,9.900543212890625,0.0,9.276519625564106
4849463,-0.018913809249102354,0.011724036486074452,1.371265017233119,0.8258249572069971,-0.6548402028167253,-0.015296977657303756,9.900543212890625,0.0,9.302851527114399
4862808,-0.008820298878251531,0.012209259704277553,1.3809672280376413,0.7337230763749787,-0.7653448906047657,0.05629006589762753,9.900543212890625,0.0,9.329357951064594
4875911,-0.014413956737815425,0.021937141126990634,1.4064369712126261,0.9596763835714768,-0.7500678680907207,0.12706031765803694,9.900543212890625,0.0,9.355341761489399
4889283,0.014160830593706208,0.009562160609364545,1.3881453870552782,1.0086590284359431,-0.9195200955835006,0.13380737225144834,9.900543212890625,0.0,9.381761401076801
4903124,0.015046544731557976,0.014130289046615951,1.416073751234264,1.1196571303339269,-0.865356051579866,0.10200153273969903,9.900543212890625,0.0,9.409311144729145
4916334,-0.012790608018636185,-0.010060282171591828,1.4527396382043518,1.1102248529255405,-0.7603932735711361,0.060017678853792944,9.900543212890625,0.0,9.43572983064223
4929640,0.007492409435809311,-0.02154015594892167,1.4281614070496715,1.2416699023340598,-1.0642128849375219,0.01642097681008181,9.900543212890625,0.0,9.462206690688618
4942740,0.006881422620416799,0.0031043240758781288,1.450542638210953,1.4699650620573834,-1.037040113569205,0.12718667773485137,9.900543212890625,0.0,9.488045542617328
4955980,-0.009959979897140592,0.014274247271865992,1.470145126826317,1.4405971482928095,-0.8809524008610907,0.06542076485738058,9.900543212890625,0.0,9.514290659804828
4969548,0.006511607834697397,0.007871865612119722,1.4726350912208863,1.5787174957844599,-1.0558712657998548,0.12612579202055763,9.900543212890625,0.0,9.541348307509907
4982845,-0.008470710447727736,0.01095824880048668,1.5006752984263008,1.4869312441451825,-0.8979880998000525,0.08726475683197243,9.900543212890625,0.0,9.567708819289692
4996191,-0.016160025155245616,0.005526776627377217,1.507581891496554,1.4808689929345178,-0.9891502673040335,0.15594913270898125,9.900543212890625,0.0,9.594185679336078
5009380,-0.0007393613767616714,0.009613482880443724,1.5209842677779495,1.5088702983410656,-1.0407856536498699,0.054170925206989295,9.900543212890625,0.0,9.620285838027485
5023184,0.011537160880566777,-0.0037835175438962754,1.52714707727708,1.123282277028558,-1.151273849155011,0.010547633035406179,9.900543212890625,0.0,9.647748797317035
5036500,0.011588416804969803,0.006802979400083897,1.5440409319146733,1.4084259983715413,-1.1901780206470214,0.15718533615909358,9.900543212890625,0.0,9.67419704713393
5049692,0.026747449622750885,0.003411939042210932,1.559308512347937,1.2757432388496426,-1.2703717354419837,0.0718439014801362,9.900543212890625,0.0,9.700412600417621
5062832,-0.002278472753464378,0.0020548986401409675,1.5747810955014083,1.2351922545152902,-1.1938918576234627,0.05697571801789003,9.900543212890625,0.0,9.726309626479633
5076303,0.0015987915450343948,0.007183159239367187,1.6029126210138953,1.298624116133297,-1.1345407038408588,0.0032462952574334736,9.900543212890625,0.0,9.753047793288715
5089697,-0.0020131159624452444,0.00592627564705972,1.6222378408680118,1.1379900239834129,-1.1061334220641896,0.15629591927103625,9.900543212890625,0.0,9.779612391372211
5102870,0.004471593369246296,0.029191063862741506,1.6087082773682484,1.5003288795126934,-1.3063709890185287,0.008419909959583194,9.900543212890625,0.0,9.80579933442641
5116153,-0.03855843520432645,-0.01312133513212177,1.6639399506527193,1.0134119729749855,-0.983099329939936,0.052665159137696094,9.900543212890625,0.0,9.832101672072895
5129506,-0.026364074003099702,-0.03607652900047564,1.6675819522609565,0.8875715041835619,-1.1858466243702175,0.06358296905256644,9.900543212890625,0.0,9.85854992188979
5143056,-0.014559228231608046,0.0079423035797479,1.6932835499012482,1.2006986930274977,-1.1974186790140031,0.13086992583200363,9.900543212890625,0.0,9.885288088698871
5156246,-0.008590560545324255,-0.01853145411640389,1.6914414259538066,0.8339595089885634,-1.1782852835953221,0.027109125833808534,9.900543212890625,0.0,9.911446421523578
5169547,-0.02725940239250546,0.012535342539623295,1.7068599714300792,1.1998211296853327,-1.2125127447043411,-0.02627869489125878,9.900543212890625,0.0,9.938010065932758
5183345,-0.030568369270264295,0.014910173226595269,1.748403485026956,1.109537258344595,-1.0636971889489928,0.17813112499058192,9.900543212890625,0.0,9.965473025222309
5196884,-0.005022335282265367,0.026915155150145198,1.7266115689291066,1.2792040215988436,-1.468020073587894,0.1471937016953504,9.900543212890625,0.0,9.992326586623676
5210119,-0.0016516422000516506,-0.000610547548457685,1.748917757409588,1.0570353119449294,-1.3302671482568975,-0.03768251122273547,9.900543212890625,0.0,10.018368571181782
5223391,-0.014116830296813543,0.0035267671754959373,1.7634497652378682,1.1088500780115993,-1.33165610818401,0.09582256513282417,9.900543212890625,0.0,10.044468729873188
5236482,-0.01592994028717243,-0.00432800333611616,1.7587204535410557,1.073118708223845,-1.3818879612800465,0.06545199044219885,9.900543212890625,0.0,10.0704239300685
5250075,-0.0025639375084631766,0.013113761299252902,1.7953588053211575,1.1492556409148875,-1.3741163058021684,0.12074627663463211,9.900543212890625,0.0,10.097480624099262
5263136,0.010191098321378878,0.01210858658902425,1.8120502389451119,1.0171243821309517,-1.422354050115647,0.18323208928592472,9.900543212890625,0.0,10.123262255568989
5276393,0.0014116515785462802,0.0243277899219847,1.8002184789299225,1.135710890378057,-1.2563241531176885,0.02788385982118413,9.900543212890625,0.0,10.149594157119282
5289620,0.005001943049431468,-0.017432748093679562,1.8340425973098728,0.8417992164093206,-1.45613742060155,0.022872046690656234,9.900543212890625,0.0,10.17566475190688
5303223,-0.0005306666925544157,0.010552487754598827,1.8596218230948605,1.0450255202779175,-1.3210171151158256,0.026706812136396252,9.900543212890625,0.0,10.202722399611957
5316443,0.0016897580686219271,0.0038441698026661086,1.8594526381653553,1.0243365065139542,-1.2382273412945892,0.03150901851803134,9.900543212890625,0.0,10.228821604629047
5329643,0.028540349068642445,0.009624949430227403,1.8819926553425192,1.1717168352293967,-1.2716988426952085,0.07313064033135497,9.900543212890625,0.0,10.254951327224262
5343275,0.0009160820114622048,0.012573403359204649,1.8938977240400021,1.3574028700508194,-1.0004637262102989,0.03708616269424603,9.900543212890625,0.0,10.282008021255024
5356375,0.006131710706354099,-0.003480028054565043,1.9173531495402756,1.4420449111206821,-1.0552767696097511,0.035731571833640174,9.900543212890625,0.0,10.308078616042621
5369613,0.01810808511495665,0.019640098306909604,1.9257496532712137,1.7474546350537281,-1.1324913044725342,0.03760107148744041,9.900543212890625,0.0,10.334440081496723
5382860,-0.00646868055403127,-0.01063703033931529,1.9365956495475034,1.6267029822123078,-0.9658828025242698,-0.06374602409176511,9.900543212890625,0.0,10.360627024550922
5396319,0.012712194689215028,0.004674520112946778,1.953064241119698,1.8372292684414973,-1.3645672667855067,0.12901357877276887,9.900543212890625,0.0,10.387365191360004
5409973,0.0015424154394874101,0.016581880615353706,1.9780927736735343,2.0500303499844748,-1.2019540587994442,0.08398020220666957,9.900543212890625,0.0,10.414421885390766
5423198,-0.004644929797052555,-0.0005279790252441519,2.001157106586695,1.918051322372854,-1.2122277860304713,0.09438395265728161,9.900543212890625,0.0,10.440608828444965
5436486,0.002720726206005608,-0.013674219811260269,2.014989695952834,1.8639407139043556,-1.3130534601427684,-0.09121016578689378,9.900543212890625,0.0,10.466940729995258
5450281,0.0020172461408387576,0.007472270321249974,2.0211803317838912,2.0590037105527443,-1.3681739909017097,0.1049499036556476,9.900543212890625,0.0,10.494258730788715
5463522,0.008156141306162823,-0.008385445576384543,2.026856015949771,1.807998280910553,-1.4106640081501034,-0.08145734126888371,9.900543212890625,0.0,10.520475237746723
5476763,-0.006530190608202258,-0.0010295338707415613,2.0574799266690764,1.922299953399893,-1.3953092675364047,-0.027118399689568307,9.900543212890625,0.0,10.546632616897114
5490058,-0.003543626272975331,-0.012210042256713072,2.073651601875425,1.8859006684008222,-1.44332189346731,0.05423176865816082,9.900543212890625,0.0,10.573110430617817
5503409,0.006260022016168598,0.017936521397829086,2.087151128349901,2.006715391527706,-1.6272671381938508,0.13963052878856708,9.900543212890625,0.0,10.599587290664203
5516897,0.002082503691018367,-0.0007277591342476075,2.0899430654376,2.0184972931705403,-1.5190230008728776,0.07900136439852545,9.900543212890625,0.0,10.626354067702778
5530017,0.009883030176461638,0.014686287134588083,2.1253144710549723,2.022404671826507,-1.6572018313466046,0.03162793415144094,9.900543212890625,0.0,10.652279703994282
5543325,-0.010488841316997455,0.012547306714430384,2.1373513349620255,2.0320877505604926,-1.501096875641199,0.04181455299057113,9.900543212890625,0.0,10.678438036818989
5556935,-0.00036726552396970646,-0.0005888579063115795,2.169140479176194,1.9364092087668183,-1.6527216514465195,0.10000921493247006,9.900543212890625,0.0,10.705349772353657
5570285,-0.01024746454715686,-0.002492613593488846,2.1759225345622006,1.9553019228407749,-1.6470049087843321,-0.016699963020831987,9.900543212890625,0.0,10.731942980666645
5583523,-0.014121572585104936,0.010023489025086763,2.1979762723754352,1.973881796500983,-1.63805940522343,0.08384716780230228,9.900543212890625,0.0,10.758216708083637
5596882,0.00406730113715037,-0.018684961377233078,2.217660104039461,1.6935286276216743,-1.7672235758428343,0.03949684101372952,9.900543212890625,0.0,10.78454860963393
5610120,-0.0037007410347449365,-0.010048837388753507,2.2234029722523694,1.821219872025999,-1.7323004372332989,0.03958998065993313,9.900543212890625,0.0,10.810706942458637
5623585,-0.02480839295893844,0.0215951785088333,2.2771319672972714,2.0921900789155004,-1.5035461192806032,0.16354155710853568,9.900543212890625,0.0,10.837445109267719
5636886,0.01079943830102792,0.00847769003137988,2.266704318565578,2.0040577635008034,-1.781679824905396,0.05947259351804668,9.900543212890625,0.0,10.863777010818012
5650104,-0.0007268223267784535,0.012650077119767511,2.2685296075704704,1.98973721510351,-1.763011974838676,0.05332392579316725,9.900543212890625,0.0,10.890022128005512
5663867,0.019144329864085208,-0.018743611266687,2.3088300299095366,1.8733163769653345,-1.9517540012520556,0.048064272785557804,9.900543212890625,0.0,10.917108385940082
5676999,0.0005142505991466706,0.003992490633279333,2.3165385553909847,1.865691418368364,-1.9471431407277286,0.0662326194617151,9.900543212890625,0.0,10.943092196364887
5690256,-0.007002345607578064,-0.017882935166284364,2.344597976312116,1.8779788408651967,-1.977698850630226,0.12619193832747477,9.900543212890625,0.0,10.969452708144672
5703435,0.00943548239052383,-0.0038842506287988243,2.3534899267347162,1.9130791055491585,-1.9963687477952234,-0.00664505208864874,9.900543212890625,0.0,10.99561104096938
5716579,2.9904422760740346e-05,0.0034820571312312865,2.3791606416431073,2.0163292966875446,-1.9781282957994932,0.0978373102989778,9.900543212890625,0.0,11.021421282668598
5729987,0.0008850102955109129,-0.005373579785898253,2.3877056350057577,2.023108996116818,-1.8171043630719197,-0.017046554665789415,9.900543212890625,0.0,11.047781794448383
5743239,-0.009222974495886938,0.009476819408014814,2.406677221198157,2.085126941219272,-2.0241304939281974,0.16114911285184164,9.900543212890625,0.0,11.073968737502582
5756535,-2.8467705837087465e-06,-0.028576385674401905,2.3937228349734103,1.9181195977441945,-1.9779088308645818,-0.03190241745375211,9.900543212890625,0.0,11.100330202956684
5769955,-0.00047893133401766264,-0.005465196441560627,2.447979841247052,1.9867899692438513,-2.20182092742607,0.21405194465100763,9.900543212890625,0.0,11.12680706300307
5783689,-0.009911797831653857,0.01760721485793626,2.4711609427940853,2.1713388095581507,-2.004189818323855,0.12418809042513423,9.900543212890625,0.0,11.154066889663227
5797092,0.015013251603246403,0.009831944431588413,2.468236173379943,2.180583542965202,-2.0532182275830237,0.040016529472691076,9.900543212890625,0.0,11.180601923842914
5810257,0.007339600889385789,-0.000652860534489097,2.4781361639097335,2.070987188546212,-2.0728930622248356,0.0795359275270986,9.900543212890625,0.0,11.206875651259907
5823378,-0.001723064694701737,0.006449535213783442,2.5207398782850063,2.1429758398523973,-2.0565177064582727,0.038754617869779295,9.900543212890625,0.0,11.233033984084614
5837112,-0.005814042295514632,-0.0036017141077664405,2.526882396700606,2.1881467267402996,-1.9313549312245861,-0.03257960541181504,9.900543212890625,0.0,11.260265200515278
5850456,8.996564865171308e-05,-0.0025784752170736613,2.546177998526246,2.3437680359855264,-1.9913146810406488,0.03690207149192837,9.900543212890625,0.0,11.286828844924457
5863719,-0.008466527974306803,-0.010955788996219074,2.5675241269874576,2.4205785864528977,-1.9301553458610243,0.056694817686379295,9.900543212890625,0.0,11.313045351882465
5876973,0.017685077795685178,-0.017708333684652855,2.5705758853228393,2.37241381263226,-2.280720717748107,0.0869907447762781,9.900543212890625,0.0,11.339464037795551
5890639,-0.0004223246046892726,-0.004248135645687379,2.5950284505125887,2.5466088869807137,-2.057959680278895,0.10580490472167803,9.900543212890625,0.0,11.366665690322407
5904071,-0.0027091319391123747,0.0032786537095161883,2.6126470327701425,2.7069359562516198,-2.0958042194682385,0.07390416845865388,9.900543212890625,0.0,11.393403857131489
5917268,0.01071461988926048,-0.007783816965668988,2.6242952706380196,2.637600071857875,-2.2164483546131883,0.04288460217818546,9.900543212890625,0.0,11.419504015822895
5930576,0.004717448106408728,-0.011854561621844395,2.6453142585900435,2.6314140007136757,-2.107885933739098,-0.027989995827228498,9.900543212890625,0.0,11.44586452760268
5944333,-0.013941754379867888,-0.02078755277276012,2.6544449773383145,2.633311171891087,-2.0710286903238284,-0.022623199175596298,9.900543212890625,0.0,11.473240702529438
5957656,-0.0089346468895668,-0.010222204891517261,2.6910271178799126,2.7316266463506196,-2.1735475815519685,0.07585307292766963,9.900543212890625,0.0,11.499775736709125
5970886,0.00619743468791345,0.004066328569054978,2.6895415914607055,2.855221781365728,-2.315592835398469,0.05863557668641306,9.900543212890625,0.0,11.526195376296528
5984109,-0.006938719430564788,-0.003071643657311718,2.708355874877349,2.773015913756936,-2.2367339127077166,-0.047250230218692124,9.900543212890625,0.0,11.552352755446918
5997440,0.0017842902374276548,-0.008123062778785384,2.7109326976924395,2.750559074170887,-2.3929044945698976,0.022107665487899553,9.900543212890625,0.0,11.578597872634418
6011063,0.012545592918396853,0.010001439058482609,2.719550748340786,2.8773108238431817,-2.5826934368503096,0.03026478650480513,9.900543212890625,0.0,11.605625956435688
6024463,-0.011071503525673432,0.003805119177997529,2.7492942129090436,2.797919223617761,-2.3576308260907233,-0.030443725202232486,9.900543212890625,0.0,11.632132380385883
6037813,-0.011709101711212533,-0.0007653446048496715,2.7488299863195422,2.691009450931851,-2.4501118068102024,0.07420671177834137,9.900543212890625,0.0,11.658754198928364
6051161,-0.0011040236651886914,0.000972443248480781,2.766031157226414,2.684111811830256,-2.570129767877315,0.07886297886490645,9.900543212890625,0.0,11.685259669204243
6064931,-0.014253748823999324,0.001645112113281888,2.7873526194702842,2.643676232347495,-2.540624730390011,0.06619190294749977,9.900543212890625,0.0,11.712665408034809
6078193,-0.021438505398033936,-0.013876344227566895,2.786198048364148,2.5734743050110325,-2.498651334819197,0.010401147248817466,9.900543212890625,0.0,11.738997309585102
6091285,0.0009973241075882378,-0.026974966778233522,2.7934292408328507,2.5488086906588094,-2.725941968353098,0.10905010170646001,9.900543212890625,0.0,11.765097468276508
6104585,-0.014524237653910532,0.03553289836593021,2.8357210709560667,3.0607288680173426,-2.8233705747397266,0.28304904706217293,9.900543212890625,0.0,11.791457980056293
6118124,-0.026816416369973783,-0.010104659068733257,2.8460266000150147,2.6911975884437567,-2.8511537398874793,0.03152771355465056,9.900543212890625,0.0,11.81839927949477
6131405,0.0005160875946295107,0.023550000054538556,2.8723276603844767,2.9438124394123264,-2.8204978828035294,0.06597116882279508,9.900543212890625,0.0,11.844499438186176
6144626,-0.02546570726722397,-0.0020773657859116668,2.874825854582116,2.6798771015019724,-2.6508826116462068,-0.023276478158310354,9.900543212890625,0.0,11.87074360169936
6157880,0.020369357351363693,0.015051394379288263,2.886232009681613,2.8195133856067045,-2.942468490680458,0.11835486322686073,9.900543212890625,0.0,11.89704689302016
6171451,-0.03229647201478336,-0.0010510562992094297,2.904281119681597,2.8397951801812624,-2.577953983536961,0.060941344665289776,9.900543212890625,0.0,11.92407497682143
6184600,0.007138936478794378,-0.019067296470924644,2.8696879422719035,2.7711911493222416,-3.0640792993386086,0.15197293924666688,9.900543212890625,0.0,11.950145571609028
6197957,-0.011861963355242366,-0.001077708159908486,2.904162400676385,2.896072885513597,-3.0130468503344083,-0.025074146593286883,9.900543212890625,0.0,11.976535647292621
6211232,0.010056237263084356,-0.01114253942340615,2.922759254713953,2.835787199879732,-3.3992479879747357,-0.011403179943412667,9.900543212890625,0.0,12.002983897109516
6224970,-0.022303013827502216,-0.0015810916562377653,2.98330710509941,2.886216194035711,-3.3279296639612355,0.1590195541743924,9.900543212890625,0.0,12.030243723769672
6238295,-0.001850227077006661,-0.003756676623150268,2.9730952470815932,2.8753335824574506,-3.15426588676587,-0.010403473776205985,9.900543212890625,0.0,12.056808321853168
6251440,0.0018619639471180172,-0.013916049889399984,2.98537480926089,2.797564802321645,-3.305515225313755,0.11965540486238879,9.900543212890625,0.0,12.082792132277973
6264604,0.006140301831961015,0.014897057475447673,3.0022874849110845,2.951236176771218,-3.167208862977926,-0.0034391952225565348,9.900543212890625,0.0,12.108834116836078
6277838,0.0007766798532018448,0.010200671989098131,2.990245361880437,2.979214207702725,-3.198487330324209,0.019992518251015667,9.900543212890625,0.0,12.135252802749164
6291376,0.0018352277141819862,-0.01416078095763873,3.0148632142886527,2.7940204297292226,-3.282840094483795,0.0215914262598762,9.900543212890625,0.0,12.162107317824848
6304819,-0.02518428467959133,0.008153756167590842,3.0394972142633803,2.906319412089289,-3.161826676325205,0.024723522717655655,9.900543212890625,0.0,12.189019053359516
6318001,-0.021656109964846237,-0.02721262508392308,3.047648528229595,2.681877803044763,-3.249874868448231,0.08118375128253952,9.900543212890625,0.0,12.215177386184223
6331333,-0.011560348019599598,0.0001708249525729233,3.088661164966077,2.910297141496393,-3.4168944060115543,0.057457550873754926,9.900543212890625,0.0,12.241392939467914
6344816,-0.023751155414580616,-3.152505293457786e-05,3.092930667041988,2.9757977596096694,-3.194696735922548,0.08719160607755327,9.900543212890625,0.0,12.267986147780903
6358098,-0.0033358494347326406,-0.008603251702189452,3.0977982916522033,3.049898443748809,-3.372908385035842,0.03377364176377462,9.900543212890625,0.0,12.294491618056782
6371251,-0.020885051010846034,-0.005512543072253351,3.1257247553090757,3.1434901161247524,-3.2574391702181167,-5.27630428965864e-05,9.900543212890625,0.0,12.32067856111098
6384561,-0.012152184572516767,-0.008508646639659778,3.1494936024647213,3.2402657604131164,-3.226931432539228,0.06969436525799289,9.900543212890625,0.0,12.347068636794575
6398511,-0.006866280542015879,0.0058514016217738885,3.1622876915604623,3.377347336472269,-3.4244541831806323,0.04070923916213154,9.900543212890625,0.0,12.374764292617328
6411830,-0.006474159088729614,0.0022730321943023046,3.169370157481358,3.3776504145285458,-3.4559574925524004,0.01265066209592014,9.900543212890625,0.0,12.401182978530414
6425051,-0.00444851964384263,-0.007617523790970138,3.190555928132162,3.390791161328856,-3.509402209857999,0.0264600612548751,9.900543212890625,0.0,12.427514880080707
6438248,-0.011787878541348995,-0.013953781873881299,3.208643994319141,3.3366705679003985,-3.527854976248893,0.04487958926483948,9.900543212890625,0.0,12.453846781631
6451384,-0.016056839711367843,-0.01764970821529599,3.2328286565503483,3.326956817361406,-3.533937076852027,0.07450696146607427,9.900543212890625,0.0,12.479801981826313
6464863,-0.007849097685812989,-0.003506526789814002,3.2436233395724003,3.4510795530499507,-3.627132707621012,0.08153878267914116,9.900543212890625,0.0,12.506481974502094
6478057,-0.0018256583617617395,-0.011449498789086965,3.256277411101684,3.3656406451036034,-3.6506406418980717,-0.01041840097166613,9.900543212890625,0.0,12.532610743422993
6491357,-0.014646463750450422,-0.018268345211893466,3.280925052696318,3.3065184606581894,-3.7318845340001587,-0.040785385489913395,9.900543212890625,0.0,12.558972208877094
6504776,-0.014984552598594547,0.019561174125224845,3.2960167355640237,3.539221851252904,-3.6912257450094828,0.0947212606860699,9.900543212890625,0.0,12.585680811782368
6518093,-0.005207575108705953,-0.023241838389337133,3.2874493091073638,3.2350814384216093,-3.776529727163915,0.036753542290030694,9.900543212890625,0.0,12.611867754836567
6531361,-0.011569492959081273,0.003958403528035115,3.2962756261703374,3.4166658902019265,-3.80320003553242,0.0454676692372562,9.900543212890625,0.0,12.638054697890766
6544639,-0.003825119229255769,0.0025745663429799226,3.2790952051319184,3.4291277775621367,-3.9260351637134008,0.07999750068083422,9.900543212890625,0.0,12.664474337478168
6557976,-0.003116028356402456,-0.003439904022067841,3.2821746683497737,3.389897948440165,-4.128788200038823,0.00703502911686904,9.900543212890625,0.0,12.690951197524555
6571695,-0.03640949353784251,0.006076536252350051,3.3105987859825796,3.405661272449642,-3.955598246442232,0.07313421153932786,9.900543212890625,0.0,12.718297808547504
6584923,-0.006797391656040652,-0.01918645489975801,3.3000489831556385,3.2326625145360808,-4.188136720338463,0.12089906334563949,9.900543212890625,0.0,12.744484751601703
6598310,0.017844336152226692,-0.04803721888795476,3.2788207371573157,3.038130082876677,-4.248257977327114,-0.09525077998682896,9.900543212890625,0.0,12.771106570144184
6611454,-0.02633790734931729,0.006988505979478754,3.341263127652109,3.315293165051486,-4.114243022129386,0.09589519308283734,9.900543212890625,0.0,12.79714855470229
6624740,-0.021032064710258425,-0.05574606045886843,3.3204637570180005,3.144370727750058,-3.941156177503167,-0.0463149737809605,9.900543212890625,0.0,12.82345184602309
6638223,-0.0023433991320422898,-0.008815746855437512,3.295127075196207,3.3119203572806697,-4.37774745313466,0.01946594988018191,9.900543212890625,0.0,12.850190012832172
6651471,-0.02690855072855891,-0.03356661080688217,3.335472528006733,3.164986166229397,-4.271110984896872,0.0199399418087296,9.900543212890625,0.0,12.876493304152973
6664618,-0.019216316107212528,0.006130204561725527,3.3299464301089206,3.4567458627156924,-4.615887179149837,0.048222540389671664,9.900543212890625,0.0,12.90259346284438
6677894,-0.04818825936794191,0.0005741618099812662,3.3760437583151464,3.3705573564015268,-4.571886601571293,0.09112877474740166,9.900543212890625,0.0,12.928925364394672
6691807,-0.009433695527910402,-0.03795527785077657,3.3340372721974556,3.2357674014140727,-4.739521512484103,-0.014437107129394278,9.900543212890625,0.0,12.956561892409809
6705036,-0.03005339620351677,0.0015999976441265495,3.373661995081604,3.2585463963380477,-4.466308284492197,0.020707594592570544,9.900543212890625,0.0,12.982893793960102
6718157,-0.021124803889393196,-0.01019666561529009,3.361396598092467,3.402401209870277,-4.696175100594164,0.12137793735548641,9.900543212890625,0.0,13.008848994155414
6731407,-0.02664414546340632,0.020150927833691323,3.3881575817564884,3.523725402783157,-4.5639057748878,-0.04512519783623681,9.900543212890625,0.0,13.035297243972309
6744714,-0.036502143074571336,-0.011772439496889442,3.3749642380037166,3.4459588924740245,-4.587089858727904,-0.05928426973708234,9.900543212890625,0.0,13.061774104018696
6758174,-0.03119337915107545,-0.019164229908287034,3.400005197723807,3.233041020140348,-4.901062253757718,0.024017180291712847,9.900543212890625,0.0,13.088627665420063
6771329,-0.04039339619666249,-0.01213778647430197,3.431651930624173,3.3549453761383887,-4.9210762576526434,0.0901433846382016,9.900543212890625,0.0,13.11478599824477
6784594,-0.02203885474920142,0.006426694437563718,3.4462131744340065,3.5075596283794894,-4.865741271826181,0.07545494645640183,9.900543212890625,0.0,13.140827982802875
6798200,-0.020848350389152337,-0.012197709088771935,3.4501528770066803,3.3140751802077872,-4.9249544753778025,0.09086027624353754,9.900543212890625,0.0,13.167914240737446
6811920,-0.015001655644624634,-0.019774542012884755,3.463586978021786,3.230660175659949,-4.809624014126662,-0.10128598145745826,9.900543212890625,0.0,13.19514545716811
6825247,-0.03115752528369331,-0.015455001063719331,3.4710065823384375,3.280816604398197,-4.950692148819865,-0.0051848525752884456,9.900543212890625,0.0,13.221564143081196
6838476,-0.013952421028762263,-0.019251612882166702,3.4996758357457822,3.316120665674802,-5.067947540772558,0.06478888851359343,9.900543212890625,0.0,13.2474897793727
6851689,-0.030168192051946097,0.014515920219421607,3.541521411554814,3.630211718280165,-4.951242011385709,0.1219819431222966,9.900543212890625,0.0,13.273648112197407
6865273,-0.03160479942217398,-0.019096437891646945,3.5270374657446895,3.51137727323443,-5.007639558729533,0.019076466918809487,9.900543212890625,0.0,13.300704806228168
6878551,-0.030240063146202978,-0.004474161218255057,3.5677074392993755,3.6225488695737695,-5.035457935754064,0.06051920497938923,9.900543212890625,0.0,13.326891749282368
6891920,-0.03299640251278824,-0.015847756606116592,3.584391957114563,3.60361360050544,-4.96339494568452,-0.09694782087095177,9.900543212890625,0.0,13.353456347365864
6905261,-0.03719737747609564,-0.02349007332481423,3.5957619326140735,3.6499499614137463,-5.117159860915542,0.05807335085220444,9.900543212890625,0.0,13.379816859145649
6918471,-0.023033792551307997,-0.0024112493816013103,3.6279653889742502,3.796673253287821,-5.065569531869443,0.04292805253788856,9.900543212890625,0.0,13.406061976333149
6932014,-0.03673616113588096,-0.02259212359130358,3.620646038760543,3.7659682787644826,-5.101306869632012,-0.011562399336696672,9.900543212890625,0.0,13.432597010512836
6945225,-0.02353161093696876,-0.010580650510340961,3.6559189759550996,3.8917336885613167,-5.1880284481930765,0.027829790501742835,9.900543212890625,0.0,13.458900301833637
6958618,-0.014991364806889784,-0.0054186075481770235,3.6761354048767694,3.86942426362247,-5.265367214860618,0.018356914883254305,9.900543212890625,0.0,13.485580294509418
6972317,-0.031410943632125043,-0.0200660698264834,3.6779934024280316,3.8440856979988496,-5.289048152614985,-0.002563235190956803,9.900543212890625,0.0,13.512898295302875
6985649,-0.032603797728865125,-0.01105197770163402,3.7083195628698173,3.905796161343602,-5.350439331791851,0.1184788923415514,9.900543212890625,0.0,13.539143412490375
6999100,-0.03006544884592266,-0.004690224358364636,3.722031906257943,3.9902414597172964,-5.46050089771137,0.03952438389189439,9.900543212890625,0.0,13.565938799758442
7012222,-0.034546889089345,-0.007873757442906415,3.758359569420741,3.94850389104262,-5.370116469721644,-0.03673607437886339,9.900543212890625,0.0,13.592097132583149
7025504,-0.02161987847104596,-0.02354613700799635,3.764914557664469,3.9128467686703843,-5.597344203311501,-0.014480532804801882,9.900543212890625,0.0,13.618515818496235
7039069,-0.03936478612661265,-0.02373896439008405,3.7830725380177057,3.8799240831397483,-5.530918649356519,-0.008629436714278071,9.900543212890625,0.0,13.645485728164203
7052174,-0.023815107347666675,-0.015780174645333878,3.821079128925652,4.0889247559778354,-5.709873039182273,0.060084996814726566,9.900543212890625,0.0,13.671151011367328
7065355,-0.02549740418225399,-0.01294531552642586,3.8331522475948936,4.021957664063422,-5.683076330930145,0.013648227261748858,9.900543212890625,0.0,13.69745430268813
7078710,-0.015691510995029745,-0.009072593389674477,3.863792463138774,4.285167232674809,-5.7720895056577,0.0726465930942446,9.900543212890625,0.0,13.723786204238422
7092649,-0.02940233032077444,0.018170958366394263,3.8824823346984396,4.271342585622669,-5.783871198787395,-0.04570108415395069,9.900543212890625,0.0,13.75153908052016
7105797,-0.0478061687461282,-0.025854829226285014,3.903651773090512,4.445839971857666,-5.8461663907830435,0.04422332731842893,9.900543212890625,0.0,13.777581065078266
7118899,-0.006540176728738967,0.010197386882901505,3.923498662355841,4.275226648286726,-6.232565194034876,0.04639854328125459,9.900543212890625,0.0,13.803536265273578
7132185,-0.0925157966765755,-0.010465357056930413,3.985247381011173,4.416568715596341,-5.656989896626921,0.0366848974522167,9.900543212890625,0.0,13.829954951186664
7145779,-0.00493891502961441,-0.021181894964575898,3.9650797662520416,4.051864262598599,-6.18237812302813,-0.01321909811630917,9.900543212890625,0.0,13.856866686721332
7159067,-0.02316497407220197,-0.00888980536937689,3.9928862856468563,4.353325161035059,-5.984533330459154,0.07096831880703469,9.900543212890625,0.0,13.883286326308735
7172211,-0.03249207947023125,0.02234943576507309,3.975887469748483,4.450427107269171,-6.046292235508716,0.026552998664900684,9.900543212890625,0.0,13.90932831086684
7185328,-0.06182368154324491,-0.018832939497977597,4.006167739485056,4.250865664343834,-5.747748946617694,-0.09012634750068216,9.900543212890625,0.0,13.935312121291645
7198742,0.0006723599437630234,-0.005694879315942369,3.9864738059137763,4.46356949008301,-6.340983547039329,-0.04558622078821095,9.900543212890625,0.0,13.96176037110854
7212048,-0.034227009825407606,-0.010197396944313875,4.028955734893531,4.461647155254333,-6.376786472397892,0.03077693858325503,9.900543212890625,0.0,13.988150446792133
7225172,-0.05543178254909753,-0.04672534641265824,4.041901558391155,4.240084053488076,-6.348937465573403,-0.11445733902409572,9.900543212890625,0.0,14.014279215713032
7238730,-0.009989110930188616,-0.03085956610351759,4.084862671641708,4.131146255827396,-6.732613981402221,0.03785901561081495,9.900543212890625,0.0,14.0411909512477
7252089,-0.045415070353746145,0.0006509900902214039,4.096425180436224,4.527788133892123,-6.191486637949648,-0.07546015814736329,9.900543212890625,0.0,14.067842333693989
7265205,-0.035429061256571526,-0.04497367216132586,4.09932997725077,4.129275919972962,-6.5182157412032815,0.04263288597859294,9.900543212890625,0.0,14.093651621718891
7278533,-0.019092277476042252,0.00112546016976256,4.124435583789796,4.498730115241408,-6.565098318505289,-0.0007770777879674284,9.900543212890625,0.0,14.12024483003188
7291984,-0.04812341536983755,-0.008871717987060324,4.150615724151731,4.384120313868074,-6.407288772871045,0.012571392212061383,9.900543212890625,0.0,14.147011607070453
7305508,-0.03346960445128344,-0.014956501804143096,4.164710286089928,4.333920296696121,-6.626073735758219,0.04377346850961317,9.900543212890625,0.0,14.17389473237563
7318722,-0.03916663793854358,-0.01908871857859129,4.1733535202121,4.395469459622355,-6.566555910507738,-0.09207717779420399,9.900543212890625,0.0,14.200053065200336
7331946,-0.04286809030421024,-0.025535258561819374,4.208500797061771,4.429897117925584,-6.5694550371848095,-0.00105019129961903,9.900543212890625,0.0,14.226268618484028
7345742,-0.022354662574380235,-0.020251988185643555,4.216323190734387,4.513269938233343,-6.66259379438624,0.021434565066543954,9.900543212890625,0.0,14.253731577773578
7359005,-0.03924451897695613,-0.011366013615726978,4.25622990911305,4.5988133971419884,-6.5136570399609255,-0.0027973698607102193,9.900543212890625,0.0,14.280064432998188
7372138,-0.04097388154491721,0.0013288249379399542,4.274453490094543,4.824378112346679,-6.544764278434069,0.03787390759423381,9.900543212890625,0.0,14.3059614590602
7385259,-0.04283967882610806,0.002634070435688196,4.298299289924726,4.889396344581549,-6.683545584551247,0.1293095264726123,9.900543212890625,0.0,14.33211883821059
7398657,-0.029284482499434272,-0.015589941021352471,4.3055724854065485,4.801996704081297,-6.689467300069186,-0.009997302573919953,9.900543212890625,0.0,14.358683436294086
7412200,-0.03764641049038531,-0.02268313622668372,4.3155945022794615,4.8699067883855065,-6.835790862415362,-0.029754086085185705,9.900543212890625,0.0,14.385623782058246
7425546,-0.03324629985481398,-0.014347699241339829,4.3420047515973454,4.916455547762361,-6.773489050697837,0.014714580719322967,9.900543212890625,0.0,14.412043421645649
7438697,-0.03971094898063621,-0.021370235130115933,4.347739817773328,4.927494282764044,-6.733488140715288,-0.0014736240132169343,9.900543212890625,0.0,14.437997668166645
7451909,-0.038242453161663637,-0.015933238814844985,4.366416505231634,4.974835161376596,-6.757293425030188,-0.019831011822967426,9.900543212890625,0.0,14.464272349257953
7465806,-0.040715901375896646,-0.022753950125276923,4.382639983726591,4.971908175389764,-6.73685580987372,-0.03854174954556022,9.900543212890625,0.0,14.491677134414203
7479074,-0.04191420216411279,-0.022864324990362173,4.393070168788583,4.882790615672917,-6.914926523469838,-0.09335877391457537,9.900543212890625,0.0,14.518067210097797
7492402,-0.05520723008554329,-0.015538085124417789,4.406664086602256,4.987063698242011,-6.861663875528201,0.08095613284066339,9.900543212890625,0.0,14.544544070144184
7505601,-0.03810714829079753,-0.038123202075957874,4.41197349495858,4.8044597088114855,-6.969021980349719,0.01507486438244321,9.900543212890625,0.0,14.57064422883559
7519097,-0.04649050296239432,-0.006961130291074591,4.437876602243037,5.083520589498725,-7.019126377635899,-0.02027237947926075,9.900543212890625,0.0,14.597324221511371
7532394,-0.04214477765850688,-0.02775755109652822,4.450836096348614,4.9083148511053665,-7.115228964902464,-0.01435324077650968,9.900543212890625,0.0,14.623714297194965
7545646,-0.041861921950056225,-0.018492687177732225,4.460700489012227,5.035169802956432,-7.1360971068397205,-0.08233227879278537,9.900543212890625,0.0,14.649988024611957
7558852,-0.04886282164655542,-0.03212368277661448,4.46975056460537,4.982547976813912,-7.226619972997163,0.03341953737266401,9.900543212890625,0.0,14.67631992616225
7572169,-0.05695377406828017,-0.04844177225053281,4.491458818671406,4.916260790402887,-7.116619750169669,-0.032192751840204537,9.900543212890625,0.0,14.702478258986957
7585528,-0.031921384286079046,-0.029369638212285665,4.509889051896446,5.058459762724631,-7.51566812287081,0.06025454745188341,9.900543212890625,0.0,14.728868334670551
7598926,-0.07615165462609319,0.0055252200195194945,4.5590154983438556,5.374554989059121,-7.043101792016998,-0.04945627949081555,9.900543212890625,0.0,14.755518763442524
7612237,-0.025166564583870787,-0.0399807133312895,4.522309816415795,4.949907682012615,-7.473148134557494,-0.06609503642909331,9.900543212890625,0.0,14.78208336152602
7625823,-0.0059957383665061315,-0.034204656313285176,4.517647844835744,5.063921893823149,-7.492868546864024,-0.05913336081281351,9.900543212890625,0.0,14.80896553315688
7639196,-0.04575058611651839,-0.026555947209112363,4.5654266823206475,5.0459795817962245,-7.402802964318806,-0.0568512066680924,9.900543212890625,0.0,14.835530131240375
7652427,-0.0528679615150196,-0.0003466566891592304,4.583981284495705,5.27841581469864,-7.417042111637258,-0.019684798860774677,9.900543212890625,0.0,14.861803858657368
7665608,-0.03165428885277288,-0.014562284278720083,4.565563709434867,5.269583983875357,-7.605820427583531,0.03184855488263061,9.900543212890625,0.0,14.887962191482075
7678760,-0.058403565907607646,0.003574088603966352,4.61560026461754,5.331083639879822,-7.520655430683753,-0.10013325203135537,9.900543212890625,0.0,14.914119570632465
7692205,-0.047431016419957395,-0.05056248729180557,4.599385034001582,5.150388490426089,-7.6651137311251105,-0.02832703044869156,9.900543212890625,0.0,14.940945475478657
7705472,0.0036274778556641962,-0.021052196774445475,4.608691974833421,5.0391309861928235,-7.833727461255531,-0.17865080792307886,9.900543212890625,0.0,14.967219202895649
7718747,-0.06380956668025739,0.005170937571134848,4.640408920688648,5.440360215894579,-7.504723433291151,0.0636434829441459,9.900543212890625,0.0,14.993667452712543
7731993,-0.07257487389814976,-0.029093549780305095,4.644540027733129,5.27118088196859,-7.478570801975522,0.02995457531213752,9.900543212890625,0.0,15.019969790359028
7745643,-0.03251744608928142,-0.01291514699895413,4.6440359938062965,5.20247258839909,-7.795570198555048,-0.006458947233129564,9.900543212890625,0.0,15.047229617019184
7758830,-0.0448687649879016,-0.00042286685856485207,4.661428011622807,5.330381991693265,-7.731670287279638,0.01604463649800003,9.900543212890625,0.0,15.073416560073383
7772013,-0.04485496216738527,-0.024373191873393596,4.663896089660637,5.159750793161386,-7.724496744162625,-0.0864783267153797,9.900543212890625,0.0,15.099546282668598
7785018,-0.03536808202720865,-0.013828206310556146,4.669594079316003,5.178474819188608,-7.869208504024407,0.04636377905485922,9.900543212890625,0.0,15.1253555706935
7798330,-0.04684137337061056,0.017730535022327798,4.7018214883214515,5.416359949308259,-7.890989580618264,0.14888940274599882,9.900543212890625,0.0,15.151861994643696
7811885,-0.03886906264264711,-0.015398966372278,4.685666207881072,5.152311278412526,-7.680301982246839,-0.04899332313681093,9.900543212890625,0.0,15.178745119948871
7825086,-0.03459697904884784,-0.020106199367492916,4.690811131595523,5.171721983400282,-7.759960599417095,0.07689157700583316,9.900543212890625,0.0,15.204787104506977
7838303,-0.0375381540249724,-0.024065021472615022,4.682396745583141,5.203781020312647,-7.8624548756591,0.020937476010900014,9.900543212890625,0.0,15.231060831923969
7851725,-0.04512484472268152,-0.029143995768036612,4.710765289586765,5.151096061498222,-7.814733499263099,0.1243991982080761,9.900543212890625,0.0,15.257798998733051
7865181,-0.03485960325449655,-0.011526188947781568,4.714776379915849,5.2673391230356685,-7.843427893778088,-0.040723873527124255,9.900543212890625,0.0,15.28445038117934
7878423,-0.045640738827222194,-0.008942547667603495,4.690083927663174,5.3276955320647374,-7.857943683678677,0.060480620290338294,9.900543212890625,0.0,15.310724108596332
7891718,-0.051306214455594024,-0.01686915224417751,4.643255582371287,5.143364717287696,-7.861059146160965,-0.0253665392195348,9.900543212890625,0.0,15.336939661880024
7905160,-0.054313156852354716,-0.01780252307325303,4.634573344309412,5.121424145221091,-7.890208006452205,0.03486818527930602,9.900543212890625,0.0,15.36356243409682
7918312,-0.0316576490302527,-0.03856037982265392,4.625527233413347,5.06693896263981,-7.992866268704365,0.024297081770198403,9.900543212890625,0.0,15.389633028884418
7931435,-0.04641648999410197,-0.019824374026690794,4.621319877544463,5.1108138794182025,-7.860493222220462,-0.04438444623856874,9.900543212890625,0.0,15.415819971938618
7944547,-0.04298988728835962,-0.027621190932363815,4.6203603629280385,5.042762627559441,-7.917528612128503,0.09288516961627202,9.900543212890625,0.0,15.44177517213393
7957754,-0.03673420580263809,-0.018507228387728558,4.600097583522839,5.0680412408729225,-7.957064777837431,0.026039145640636363,9.900543212890625,0.0,15.467845766921528
7971716,-0.03599458496189589,-0.0025986361986580775,4.584561987526213,5.071197765718999,-7.905269843000006,-0.010183026393354666,9.900543212890625,0.0,15.495570032973774
7985136,-0.05805007626426306,-0.004555782176609791,4.565199283529502,5.029263007335807,-7.733349511249461,0.04461436582714384,9.900543212890625,0.0,15.522191851516254
7998407,-0.04234447375245276,-0.023115308062806372,4.512900984154866,4.74909890083849,-7.732369837758988,-0.057248636781649154,9.900543212890625,0.0,15.548581927199848
8011731,-0.05292217207403782,-0.011312648460752861,4.48027016894687,4.716909651718289,-7.732712913266013,0.10094470746703266,9.900543212890625,0.0,15.575000613112934
8024820,0.23946306326955646,-0.3524638698645679,3.631398045325056,1.8408531240797075,-7.123885418503583,0.16271831968329664,9.900543212890625,0.0,15.600810854812153
8038387,0.47029608506500775,-0.018763561527505246,1.2807055548796802,-1.6376623190736055,-8.26234508220941,-0.34359603984020737,9.900543212890625,0.0,15.627665369887836
8051520,0.14258576285451774,-0.1128263821865616,1.6354453494821488,-1.4684239239369319,-5.8190066346477,0.1581626497280606,9.900543212890625,0.0,15.653794138808735
8064700,-0.00021277529597263367,-0.03878291268989398,1.723494830914885,-0.8305376344452782,-5.502108575535271,0.10931146555274651,9.900543212890625,0.0,15.679864733596332
8078059,-0.008284814358650916,-0.032052760479673426,1.8162048416028176,-0.8344585151614297,-5.2978303839229035,0.11927546590306015,9.900543212890625,0.0,15.70645794190932
8091683,-0.040945924265384015,0.03207329982824647,1.8735020451999453,-0.2919183344651799,-5.149278327704522,0.27779648322351136,9.900543212890625,0.0,15.733312456985004
8105020,-0.033249818251131824,0.008812678649127825,1.8803883996719124,-0.42026265954866915,-4.950353433655504,0.08735483697682689,9.900543212890625,0.0,15.75973114289809
8118151,-0.019043633676170124,0.0280007049470401,1.903068465653286,-0.2532753461687278,-5.0723607867512115,0.044483383443427726,9.900543212890625,0.0,15.785773127456196
8131369,-0.011642757950424354,0.007598036001324804,1.9256736540773511,-0.2472344965840918,-4.995076425127685,0.12615949888139966,9.900543212890625,0.0,15.812105029006489
8144369,-0.037380445002316964,0.03133945121295767,1.9437881071314962,-0.17834008580877736,-5.113067630704943,0.004061948174758356,9.900543212890625,0.0,15.83762535371352
8158017,-0.023759416483937645,0.012610059054941614,1.9591712858431043,-0.24433914724156125,-4.9494645774580555,-0.04631973738998241,9.900543212890625,0.0,15.864827006240375
8171331,-0.028213896766899893,0.035177710116878425,2.0090688612926755,-0.11475728283718922,-5.235287354336084,0.14580123207293383,9.900543212890625,0.0,15.89127525605727
8184492,-0.02795755502015318,0.03904417778536673,2.0134764339087914,0.06465319250658297,-5.197539712419662,0.22407167116850424,9.900543212890625,0.0,15.917345850844868
8197987,0.008702858558893745,0.06080460390411346,2.0380950769954183,0.1593098257812855,-5.414964822676332,0.18543492460332978,9.900543212890625,0.0,15.94414219178725
8211579,-0.002817107397317109,0.06578036274947263,2.078661764333323,0.3472559545078866,-5.268413736571823,0.1956669447482362,9.900543212890625,0.0,15.971112101455219
8224944,-0.05693999774545322,0.014413493406921996,2.07107826603964,-0.07592872790694116,-4.985056026419105,-0.00862506938681129,9.900543212890625,0.0,15.997444003005512
8238095,-0.04672513803839573,0.01313238125264693,2.10783794785589,-0.06529031153276321,-5.114542950958313,0.03399786715596953,9.900543212890625,0.0,16.023689120193012
8251333,-0.03857763030052119,0.05673303033448773,2.1478958218545476,0.24712839660003993,-5.138379799104335,0.2356118027948586,9.900543212890625,0.0,16.049991457839496
8264771,-0.01934413219302833,0.03401600853875286,2.1358509469719236,0.08514555673583857,-5.091513229121119,0.11805177156269409,9.900543212890625,0.0,16.076759188552387
8278047,-0.02514398254483874,0.03620520779334058,2.157742158050165,0.01215399253755578,-5.124473827365936,0.12472408436216398,9.900543212890625,0.0,16.10303291596938
8291323,-0.032165511648356127,0.00319316062040631,2.164958798610047,-0.08747760512798664,-4.974764336661103,0.047442300692424055,9.900543212890625,0.0,16.129422991652973
8304546,-0.04533194747894953,0.017144683125690063,2.1954734262809907,-0.09170459923625174,-5.071243052550706,0.2243087342206369,9.900543212890625,0.0,16.155406802077778
8318081,-0.02597882294416376,0.024594223043098884,2.217855698422269,0.014801075600082925,-5.070950554046782,0.1338244536144284,9.900543212890625,0.0,16.182493060012348
8331326,-0.0350808608976001,0.016265343455672543,2.217119957869649,0.09557954211607012,-4.863077721586976,0.10883227079704305,9.900543212890625,0.0,16.20876678742934
8344446,-0.020843799291848875,0.01804964585416058,2.2350107163610313,0.08699146063580798,-4.973579445821052,0.14562899078108416,9.900543212890625,0.0,16.23466476716567
8357934,-0.028755679866670825,0.019361734708696732,2.2542133337245884,0.19265328490600098,-5.068094547698202,0.10066696219816862,9.900543212890625,0.0,16.261489718337543
8371297,-0.03342940552055751,0.003556512410119339,2.2781797577665004,0.23935955445721646,-4.87795850175679,0.14893120263002757,9.900543212890625,0.0,16.288081972976215
8384510,-0.02758440355092162,0.02839174754798446,2.2897146870124345,0.575173236529082,-4.9773158375175335,0.1742985901840015,9.900543212890625,0.0,16.314327090163715
8397855,-0.028431112738250608,0.006873100904450258,2.2790158732017134,0.49807904204755715,-4.854234734679164,0.01836854225911111,9.900543212890625,0.0,16.34080490388442
8411307,-0.0315500504788746,0.029364084393978418,2.3416323874512317,0.7196883745104117,-4.831696411200017,0.16983787658557326,9.900543212890625,0.0,16.367425768752582
8424560,-0.03578477565586535,0.017701414887979494,2.3297076680869617,0.6596809734445799,-4.815589244754911,0.11095882673226143,9.900543212890625,0.0,16.393728106399067
8437557,-0.024093652684687328,0.010860822853371532,2.334431473263428,0.6877735265356364,-4.862967330666486,0.07217378716952894,9.900543212890625,0.0,16.41956886567641
8450830,-0.021551277827619675,0.0051558634930850555,2.3454461190125353,0.5998004236540169,-4.886842329315101,0.19273637377992436,9.900543212890625,0.0,16.446073382277973
8464609,-0.016787684555946925,0.005894065498263101,2.3560670046164103,0.5428634965418269,-4.971140136225376,0.12033834575414559,9.900543212890625,0.0,16.47342094697524
8477704,-0.0309256938132636,0.012889436512664387,2.3793250549332052,0.540752862675042,-4.792265301326513,0.008810297633036868,9.900543212890625,0.0,16.49925979890395
8491128,-0.02473240518212272,0.017400669781268086,2.387617949510217,0.5712194213432014,-4.889054075068984,0.1119220054839527,9.900543212890625,0.0,16.525882571120746
8504287,-0.03437738073199936,0.019208009579926744,2.4025271659930056,0.5685501632879664,-4.933260078936968,0.08663674771010754,9.900543212890625,0.0,16.551952212234028
8517274,-0.032520601826905526,-0.006987968202754491,2.3871631722421207,0.40370667213841926,-4.934562142503413,-0.04918263805769563,9.900543212890625,0.0,16.577762453933246
8530718,-0.015166003256736893,0.010884893512353777,2.430834725021348,0.5791752736905238,-5.218387327100338,0.09799212734736251,9.900543212890625,0.0,16.604007571120746
8543960,-0.04257669575095058,0.0037634802624586516,2.4194816820800313,0.4757109622479945,-5.014457124249642,0.03403938691496755,9.900543212890625,0.0,16.630311816115864
8557155,-0.02309819976180716,0.024441205251664266,2.460848498423249,0.7412942139120418,-5.262524274016322,0.22783244511470002,9.900543212890625,0.0,16.65629562654067
8570475,-0.016922302641569686,-0.005285013302191777,2.4425523788929735,0.4626666280482681,-5.233961069415809,0.19532370237223695,9.900543212890625,0.0,16.682685702224262
8583897,-0.01840140305310456,0.04847371525064159,2.4760343612496563,0.9851802612334453,-5.3354406518854205,0.18069810144662846,9.900543212890625,0.0,16.70933517732192
8597325,-0.028189999180137537,0.024396416612938454,2.489451417014376,0.7197482201138143,-5.2452997196362965,0.01596925168700558,9.900543212890625,0.0,16.735870211501606
8610664,-0.037626492867767425,0.0013612709338965967,2.475897343489379,0.6947231911909526,-5.219261920333658,0.04044687928676538,9.900543212890625,0.0,16.762521593947895
8624350,-0.047814855887293284,0.017647340557948032,2.5250013737709085,0.732247482562812,-5.175976718381051,0.19317071983985556,9.900543212890625,0.0,16.78978142060805
8637612,-0.030057741841673202,-0.016944725518523995,2.5074558395090705,0.5698506483511636,-5.352413930248172,0.09549378888353743,9.900543212890625,0.0,16.816055148025043
8650927,-0.027309043672083533,0.02304241403847973,2.5297132100310926,0.8388820115593134,-5.2638829230055215,0.12398840093910657,9.900543212890625,0.0,16.842532961745746
8664155,-0.011562424056529075,0.014282834642380449,2.5242609492559733,0.7028700709265436,-5.18548139588431,0.015370042832195452,9.900543212890625,0.0,16.868459551711567
8677570,-0.020620166360437064,0.04116582367092425,2.5492143675082928,0.8708663965372736,-5.338547155037524,0.13173892188459568,9.900543212890625,0.0,16.89505180635024
8691072,-0.017401392782032232,0.001787798216715819,2.532216880647913,0.7752495128577905,-5.269159556051495,0.03445292488924956,9.900543212890625,0.0,16.92173179902602
8704328,-0.0286281406372777,0.035636655761450475,2.551487048985512,0.9203258731633426,-5.522011593414099,0.13530793038517075,9.900543212890625,0.0,16.948179095168598
8717603,-0.06132670504420945,0.051220365285725045,2.582325091756434,1.1350440448918917,-5.398623506874742,0.078104963875262,9.900543212890625,0.0,16.974685519118793
8731398,-0.030863627933859217,0.008826854893565717,2.5628707374238973,0.7457878855924278,-5.4060003590072725,0.049121138271241094,9.900543212890625,0.0,17.00206169404555
8744661,-0.019158604687153247,0.02534471075341127,2.5755167803455894,0.8736076747687136,-5.471723992749155,0.08473572335109125,9.900543212890625,0.0,17.02839454927016
8757638,-0.033518566469847855,0.003956190219819744,2.5966367263716466,0.5992922323644194,-5.370214360583574,0.19811921863838933,9.900543212890625,0.0,17.053943484206684
8770895,-0.030798084645568213,0.03095664108917129,2.6065634780652824,0.9335375039945575,-5.3116926076829465,0.13816962078347927,9.900543212890625,0.0,17.08036217011977
8784107,-0.017891141191124227,0.016302863360792674,2.5949200417430704,0.7695563544058786,-5.455030071528256,0.11163347990587269,9.900543212890625,0.0,17.106548159499653
8797657,-0.028983136722444236,0.026555085977316262,2.6297907971024514,0.900347819024617,-5.412973376042544,0.1380517127415537,9.900543212890625,0.0,17.133460848708637
8810898,-0.03273531678527508,0.015212757747844252,2.6337007181442535,0.7156903098702472,-5.387291937205198,0.0878223288585982,9.900543212890625,0.0,17.159908144851215
8824180,-0.03746923537611879,0.012399054972603851,2.6588824622533473,0.8039766234189258,-5.336533749844577,0.17719710053779103,9.900543212890625,0.0,17.18629822053481
8837338,-0.036187457615434404,0.00996966532126109,2.6612296339316672,0.7327417752268914,-5.308023292127551,0.06261226611152182,9.900543212890625,0.0,17.21242889680434
8851046,-0.028267125086187228,0.010042867559046043,2.6610003485591713,0.7421782116456228,-5.306805774902408,0.128432305477709,9.900543212890625,0.0,17.23971733369399
8864187,-0.035325012447535276,0.027310537306145077,2.696883744609133,0.915252481801808,-5.144048952905987,0.09204957813926029,9.900543212890625,0.0,17.265613406081684
8877316,-0.03198271761685545,0.0032105914811049185,2.6850805885634577,0.8196996645915533,-5.036126975474062,-0.06775053255595331,9.900543212890625,0.0,17.291684954543598
8890715,-0.02042082867681927,-0.01653993406698051,2.690734252280445,0.8003302065806039,-5.276393853353561,0.022547706657796596,9.900543212890625,0.0,17.31845268525649
8904193,-0.03575181883722456,0.02985870505124333,2.729391260910631,1.212273719654526,-5.177878577834964,0.16233435116201456,9.900543212890625,0.0,17.34524711885024
8917442,-0.0253632584434742,0.0062065136241920005,2.715807193577588,1.0726233465243808,-5.291265853874684,0.06808104937553416,9.900543212890625,0.0,17.371463625808246
8930457,-0.03079304819241102,0.02462798469960714,2.7386695844593647,1.2688353884649288,-5.297784264989346,0.14465610436007204,9.900543212890625,0.0,17.397245257277973
8943680,-0.01988949077665758,0.03457066408269127,2.746402915581987,1.3862502846237987,-5.310568228323465,0.1451178923926495,9.900543212890625,0.0,17.42337402619887
8957166,-0.021428219264596482,0.004354611496999894,2.731733918680326,1.0655182593643673,-5.417201331749112,0.11504403607942137,9.900543212890625,0.0,17.45022758760024
8970369,-0.021581763427256817,0.01955208196833791,2.7395162733797735,1.2118118161080744,-5.358553711496295,0.067789584254772,9.900543212890625,0.0,17.476646273513325
8983441,-0.026773741257785755,0.011094658848568972,2.72919882493727,1.0811466793721891,-5.4471489071425765,0.19266869821555765,9.900543212890625,0.0,17.502370684524067
8996892,-0.01895854050427559,0.03397368287913527,2.73799055711858,1.2507189985710383,-5.515665969940724,0.08608226088292881,9.900543212890625,0.0,17.52907928742934
9010621,-0.016458202001452094,0.03315424301162406,2.7356637596048423,1.1234646004675284,-5.431742237200293,0.07567425753891399,9.900543212890625,0.0,17.556281893630512
9024021,-0.008646102742849937,0.010767134422138724,2.725964045535401,1.0718929446662955,-5.62972321288273,0.16559427075631739,9.900543212890625,0.0,17.583106844802387
9037263,-0.023632390500008427,0.02269382370188855,2.7386436882580822,1.0434078827932467,-5.535859176387792,0.08366385140284827,9.900543212890625,0.0,17.60940918244887
9050426,-0.034041227308808875,0.022562811512351066,2.760669291000665,1.0494086993624236,-5.627769481814507,0.17350374522924383,9.900543212890625,0.0,17.63533577241469
9063643,-0.02817666313260725,0.025605375393853214,2.782243371219561,1.137754717393662,-5.731461717871433,0.2500551750940829,9.900543212890625,0.0,17.661638110061176
9077281,-0.038067743980138236,-0.012000531881972698,2.761655038603023,0.817125747278034,-5.6855865112415,0.15754200587324796,9.900543212890625,0.0,17.68866524018813
9090522,-0.026408323504327758,0.03168334795147221,2.7972771274918324,1.1740216956283192,-5.711844189809266,0.10079533782780281,9.900543212890625,0.0,17.714940874953754
9103754,-0.021106310958563412,0.030955454290211737,2.7937431522467735,0.9967886968401132,-5.730194359095396,0.069302670202255,9.900543212890625,0.0,17.74124321260024
9117061,-0.028422725973128227,0.013112741182595977,2.8288921285842363,0.9294407673026583,-5.558022505304518,-0.09648899420306023,9.900543212890625,0.0,17.76740059175063
9130624,0.008537288687080924,-0.025915515118389854,2.782305053562969,0.6422409055207652,-5.825272169976088,0.14333140338838035,9.900543212890625,0.0,17.794544070144184
9143974,-0.026849446655659914,0.056764064058140384,2.8408569670165336,1.2800928906929556,-5.563355411533713,0.030026545263156734,9.900543212890625,0.0,17.820993273635395
9157060,-0.01661888892486596,0.016103958651424,2.7913230013293036,1.0579748853370603,-5.707478295758069,0.06422198137253687,9.900543212890625,0.0,17.8469770840602
9170433,-0.06184048783689633,0.04192489674143496,2.8716633555161213,1.375255407029087,-5.983821622720363,0.1625408297822606,9.900543212890625,0.0,17.873512118239887
9183800,-0.06674481274798438,-0.018749584097862204,2.877032813925744,0.8256210137121371,-5.725087553973349,0.005297900031358438,9.900543212890625,0.0,17.899843066115864
9197098,-0.03786145132720442,0.04700917867168841,2.8793208295743176,1.3076804795286066,-5.98215846790761,0.07289546229526245,9.900543212890625,0.0,17.926292269607075
9210372,-0.04364461707189626,0.04053618587754726,2.9072241889741277,1.2230367361977699,-5.809041955337825,0.18910177707411258,9.900543212890625,0.0,17.95271095552016
9223526,0.0072290756228570174,0.02197331707358363,2.882312831338645,1.224045438494386,-5.983724845779538,0.08778178953468796,9.900543212890625,0.0,17.97904381074477
9236827,-0.012844948055147132,0.026030978858023968,2.892236269592196,1.2378958515222394,-5.936006361512991,0.13804773922830726,9.900543212890625,0.0,18.005433886428364
9250330,-0.03472384567052078,-0.004002948018386299,2.9127779451804616,0.9465286029180859,-5.827305606495141,-0.0059578418757784135,9.900543212890625,0.0,18.032054751296528
9263487,-0.042158361290245416,0.0062933742656563485,2.923132934356556,1.09790271583676,-5.910116788806917,0.17126596861190713,9.900543212890625,0.0,18.058154909987934
9276715,-0.04053696026921205,0.012636066976339011,2.9291527508257333,1.0067486029975115,-6.010146413536372,0.157721759673505,9.900543212890625,0.0,18.08457359590102
9290533,-0.03801626887202225,0.016507452265322797,2.9480891507574922,0.9537247495198216,-5.860301812685432,0.10947007878720605,9.900543212890625,0.0,18.11197838105727
9303641,-0.020506859858780757,0.024793641873821715,2.938659517070875,1.0364340820792322,-5.8743298423734345,0.14553484477378298,9.900543212890625,0.0,18.138049929519184
9316730,-0.0348676320002963,0.01444012915357984,2.9643220398746437,1.0402709872454423,-5.703889734528666,0.16280964311137858,9.900543212890625,0.0,18.163947909255512
9330023,-0.04323828831761922,-0.01549479745835014,2.959581646044553,0.8012357896731785,-5.629267350888998,0.13918135357603312,9.900543212890625,0.0,18.190336077590473
9343320,-0.034358371661453724,0.006375239299759805,2.9604576845797155,1.0581455021861146,-5.787386558434072,0.19664535891391033,9.900543212890625,0.0,18.21675667085219
9356789,-0.02558490584000861,0.03338865656659018,2.9923176791892954,1.1701946268881898,-5.63866196285084,0.11223503526479028,9.900543212890625,0.0,18.243377535720356
9370046,-0.023776450861989762,0.017841385404169685,2.997983784824312,1.170003457247617,-5.626074341229799,0.11789402980595654,9.900543212890625,0.0,18.269681780715473
9383231,-0.028072990815191545,-4.413346052101197e-05,3.004048932201863,1.0916750336602306,-5.488582106106286,0.023761141172645495,9.900543212890625,0.0,18.295955508132465
9396802,-0.012816362972706052,0.0006401735883951876,3.004469425506592,1.161768439640106,-5.6342718499979405,0.10935985663443759,9.900543212890625,0.0,18.322721331496723
9410537,-0.031814106195717784,0.007948322465718194,3.032167780403197,1.3573377942988287,-5.677662514247004,0.09482686315178945,9.900543212890625,0.0,18.349895327468403
9423797,-0.012262396445869683,0.020753127257972848,3.0336527801604576,1.4907611721968692,-5.597190348871052,0.017902965673952664,9.900543212890625,0.0,18.37634262361098
9437034,-0.029213272322862416,0.032971924628094396,3.064395460140184,1.5741153665490373,-5.758774955937415,0.15895430554069456,9.900543212890625,0.0,18.402442782302387
9450290,-0.04095826207503572,-0.010641115845814397,3.0415331213434795,1.3620185637912172,-5.469124444486205,0.0565424173501885,9.900543212890625,0.0,18.428659289260395
9463713,-0.01830698172449985,0.017725310519635995,3.0797698354116085,1.6668042398911638,-5.8638006107136675,0.2029536720645435,9.900543212890625,0.0,18.455310671706684
9477023,-0.029247223116307897,0.013713681725040283,3.0828856595740475,1.5600168749359256,-5.765817723092145,0.12381344689689477,9.900543212890625,0.0,18.48161300935317
9490246,-0.023796873755603354,0.015390790335834348,3.106705139073432,1.705259333028792,-5.789769491270782,0.008973547808228233,9.900543212890625,0.0,18.50788673677016
9503479,-0.0331868070466812,-0.008454876035824066,3.1014217658802123,1.3829718489506746,-5.768381131822167,0.037645411963834974,9.900543212890625,0.0,18.533870547194965
9516922,-0.01889851978897994,0.044009523636326486,3.12517126105629,2.0332903343915945,-5.904426601815821,0.15191301470406238,9.900543212890625,0.0,18.560434191604145
9530289,-0.03296251353204216,-0.005810932932123203,3.1457774338296804,1.4355585244674955,-5.749066211700292,0.06719872518993775,9.900543212890625,0.0,18.586795657058246
9543547,-0.021400714370160667,0.01283806553110467,3.151416223142595,1.7893108952957348,-6.127983019301297,0.1142251764155926,9.900543212890625,0.0,18.612895815749653
9556915,-0.022582813039421445,0.011100157066136651,3.1906656425781557,1.6197325728173553,-5.983936660052393,0.06807250153332767,9.900543212890625,0.0,18.639459460158832
9570847,-0.025139107558726614,0.02539457814723245,3.1904593740066893,1.795606762513522,-5.926704396244588,-0.044374183024167735,9.900543212890625,0.0,18.66695198335219
9584063,-0.02632838189124964,-0.02675452664703104,3.188624356754125,1.3399721385750212,-5.883107013834422,0.01084010694682469,9.900543212890625,0.0,18.69296440400649
9597488,-0.03665999152928512,0.04250928090199868,3.2567703268830486,1.960612500098641,-5.9111535812869676,0.05470148166164712,9.900543212890625,0.0,18.719470827956684
9610791,-0.02423147389382052,0.04290273302614711,3.2407590310728556,1.929823367773885,-6.067758544684352,0.09441985164791156,9.900543212890625,0.0,18.74588951386977
9624006,-0.08087509513780411,0.040252542188689455,3.2881135294400905,2.0010664978072015,-5.545079776294827,0.05157467104889513,9.900543212890625,0.0,18.77225097932387
9637488,-0.030432792892157057,-0.00580257844865284,3.244469230664969,1.6614939237728663,-6.0865651331749575,-0.004339488116800183,9.900543212890625,0.0,18.79887375154067
9650678,-0.02866430732816383,0.029763122981786738,3.3027553565114744,1.8825365271711263,-6.009176880215108,2.0759907661371813e-05,9.900543212890625,0.0,18.824973910232075
9663888,-0.003879193703233419,0.0007746878799801404,3.2860308000114564,1.7076815947514774,-6.247908944342736,0.12772129282206102,9.900543212890625,0.0,18.851102679152973
9677272,-0.024380866389273947,0.036571888190433555,3.317826505007074,1.9029110735590749,-5.9926014373837475,0.05828525927565842,9.900543212890625,0.0,18.87775215425063
9691162,-0.040618798392414224,0.034984551964775124,3.3370792555389555,2.0401731699772228,-5.990970013879391,0.12142365593768645,9.900543212890625,0.0,18.9054487637477
9704513,-0.002095835812686797,-0.00858418017417173,3.284376856230796,1.8877905312633487,-6.208683568576575,0.05564130214601626,9.900543212890625,0.0,18.931838839431293
9717657,-0.03038674651190565,0.003333169073984177,3.3513259530966732,2.0055920062536003,-6.212242434245649,0.04694836682565473,9.900543212890625,0.0,18.957792132277973
9730833,-0.041274133538751645,-0.002395776800065752,3.352657641167492,2.042592622787957,-6.422292009073498,0.1567359678621596,9.900543212890625,0.0,18.98398002900649
9744275,-0.03391297953933403,0.01696746535949445,3.364154964734242,2.0862374035263116,-6.372037045905891,0.05580893872447312,9.900543212890625,0.0,19.01057228364516
9757420,-0.04131924783274421,0.005877471425533409,3.39490413743496,1.9566075294376901,-6.325521843118814,0.1485979086823761,9.900543212890625,0.0,19.036643832107075
9770615,-0.023595522953419934,-0.004301388178765464,3.4040178912821415,1.8108815882562084,-6.201766096661537,0.07399314975574534,9.900543212890625,0.0,19.06265625276137
9783937,-0.04649916541024979,0.020214420781955456,3.4253355404307695,1.9723074430976766,-6.130864331593962,0.16592515861265156,9.900543212890625,0.0,19.089046328444965
9797580,-0.04307320357501432,0.015635586160495984,3.430134154313878,1.9697131876191492,-6.075529343583884,0.1535221203952286,9.900543212890625,0.0,19.116132586379535
9810823,-0.012372817365228439,-0.0022356564480812136,3.4158757214044786,1.8449407431000466,-6.284784439230265,0.023308592464399425,9.900543212890625,0.0,19.142436831374653
9823854,-0.019725163298546455,-0.006110151608287984,3.425007850371898,1.7627566109174495,-6.331925781997146,0.0857528102076035,9.900543212890625,0.0,19.168304293532856
9837360,-0.04111963252514528,0.005830853236317823,3.477043291003109,1.8627120926928527,-6.242927375510341,0.10260531150817975,9.900543212890625,0.0,19.194867937942035
9850639,-0.014870257133840603,-0.006782824461981418,3.4499286214155704,1.8954010285291076,-6.381640741125942,0.028140316893086492,9.900543212890625,0.0,19.221200793166645
9863715,-0.03260836701184422,-0.004890764549374316,3.4776622797650103,1.9616069716198723,-6.187805083164722,0.07458181345418069,9.900543212890625,0.0,19.24709686555434
9876831,-0.03851750766873252,0.026762297087535636,3.522521130898223,2.203388634887638,-6.312245727799834,0.2991278492579603,9.900543212890625,0.0,19.27325424470473
9890369,-0.04476285070702346,0.010777813073024722,3.5265524446966503,2.2106962202560894,-6.245800864437221,0.2169193492145105,9.900543212890625,0.0,19.300079195876606
9903906,-0.020783977200387938,0.0016684639072419571,3.4712773264116055,2.160710601390747,-6.206562181757839,-0.021527889697997793,9.900543212890625,0.0,19.32690414704848
9917181,-0.022423796544819297,0.006507289984152065,3.4667926624762275,2.177537999543695,-6.392873761307449,0.06394095683417866,9.900543212890625,0.0,19.353265612502582
9930406,-0.026693258521407248,-0.005712147217541874,3.459586293496341,2.0718945931467445,-6.313484047442973,0.0545013022284202,9.900543212890625,0.0,19.37948211946059
9944239,-0.03909888011187235,0.008985745316148375,3.4567688798761376,2.092749998491705,-6.138816632668082,0.09721730650037408,9.900543212890625,0.0,19.407031863112934
9957547,-0.04065316811948927,0.013011797539741465,3.452558402267844,2.249809315412051,-6.201846299061778,0.15380787407144858,9.900543212890625,0.0,19.43333420075942
9970754,-0.024621176769136444,-0.00843395528741131,3.4198040972166517,2.0808475143207588,-6.278801229356976,-0.024155895142332184,9.900543212890625,0.0,19.459434359450825
9984002,-0.025026715772746844,0.040458695062622674,3.4395429770847414,2.4808337969720426,-6.567250721912984,0.16947018283016746,9.900543212890625,0.0,19.485679476638325
9997418,-0.027144717424809173,0.005506973020062533,3.4437299802406884,2.2284462144808472,-6.4098412535993745,0.028622770100161787,9.900543212890625,0.0,19.512359469314106
10011147,-0.021806121705471693,0.002895117245912404,3.4520405237883334,2.219068827364289,-6.585657829743475,0.10362337429687507,9.900543212890625,0.0,19.539649813552387
10024370,-0.012921318285315397,0.03983943466849649,3.459948789404706,2.5013448198485406,-6.674896534620526,0.0644698707135749,9.900543212890625,0.0,19.56592354096938
10037762,-0.02098541669472942,0.019219339549691128,3.467507957325131,2.246167465564909,-6.480164481131435,-0.027630604535490377,9.900543212890625,0.0,19.592370837111957
10051081,-0.03140536006659156,-0.017717214218675448,3.462546075958312,2.1490571405112746,-6.685238224424424,0.10047995081484196,9.900543212890625,0.0,19.61876091279555
10064858,-0.020270152655540663,0.00909803120583308,3.5120757224640253,2.1750416570126987,-6.760823618833129,0.09062053615629573,9.900543212890625,0.0,19.645992129226215
10078097,-0.028603665063678285,0.013333583212495004,3.518593061304689,2.1302696570923914,-6.5280380332917005,0.018342656636237464,9.900543212890625,0.0,19.672208636184223
10091294,-0.01952402982920365,0.004268043051660397,3.533572566033304,2.2579014076289567,-6.877415791065992,0.15316333289801953,9.900543212890625,0.0,19.698423235793598
10104483,-0.04499914092838697,-0.004397374512254748,3.5870149990484124,2.092251459690324,-6.589319265626376,0.06099787094473896,9.900543212890625,0.0,19.724523394485004
10118007,-0.003416865675001546,0.03459100342437682,3.5595734749738877,2.284511675507126,-7.009007168527546,0.03756599510654901,9.900543212890625,0.0,19.751378863235004
10131262,-0.02640959785312358,-0.0028810559013485726,3.6116591846826682,2.086403043346401,-6.602982739972774,0.14744716700315408,9.900543212890625,0.0,19.77759346284438
10144515,-0.01473638099640473,0.015668999294043084,3.578128701601625,2.261031487168367,-6.751932097193304,0.12150243255406501,9.900543212890625,0.0,19.80386719026137
10157770,-0.047972827491312486,0.04163062144920282,3.609665791855306,2.380698380077483,-6.583453952427508,0.16350757692888251,9.900543212890625,0.0,19.830055086989887
10171154,-0.013355809087454151,-0.008240707064419706,3.5621414038096373,2.2740054281985778,-7.0470994057905685,0.07164632982268948,9.900543212890625,0.0,19.85632881440688
10184726,-0.03150352852806382,0.009252435863316366,3.641128847112954,2.110463728826346,-6.99089149637431,-0.015731448350548405,9.900543212890625,0.0,19.88344368257094
10198085,-0.03592125323340234,0.025752440106869168,3.642422865334154,2.3636807299695946,-6.875067641123984,0.13112317190989842,9.900543212890625,0.0,19.91006645478774
10211401,-0.014274460839255987,-0.0079696246558425,3.630214602304996,2.1393026250429443,-7.098769116648732,-0.009817629076541934,9.900543212890625,0.0,19.936601488967426
10225132,-0.021882545226513894,0.0130649805413936,3.6492493745433543,2.186492098651378,-6.95927036840931,0.100791784316824,9.900543212890625,0.0,19.963889925857075
10238251,-0.03126404894418933,0.0015182866898924008,3.691528236252144,2.281021389073281,-6.973041938485803,0.20367093706928152,9.900543212890625,0.0,19.989728777785785
10251505,-0.03647941329866544,0.00012744452007162899,3.6613301448894298,2.1682205806329833,-6.864618256542684,0.0016583396949609863,9.900543212890625,0.0,20.01620659150649
10264796,-0.03041621430694974,0.00814235635578675,3.682541383221746,2.2086707506659593,-6.969019308613245,0.07671455565601626,9.900543212890625,0.0,20.04248031892348
10277907,-0.03430641331002082,0.01263336771093293,3.7052500015612697,2.2587547290776584,-7.105398233266328,0.17132459946028966,9.900543212890625,0.0,20.06860908784438
10291539,-0.015185558882131467,0.005679052967876741,3.714378727693111,2.1179184551227053,-7.085280442243668,0.14792848980188467,9.900543212890625,0.0,20.09560760774184
10304677,-0.01423328016675951,0.019177215994745866,3.7544328921161596,2.14959053892359,-6.970098291210832,0.0669996108259241,9.900543212890625,0.0,20.121707766433246
10317948,-0.03484813351146787,0.020949650274888043,3.755895562284664,2.1998602771931886,-6.715557760518344,0.021314198561981357,9.900543212890625,0.0,20.14821419038344
10331176,-0.041860078929661704,-0.022636110634356443,3.755556125139446,1.8278336438220748,-6.7957025368312,-0.01282794650629171,9.900543212890625,0.0,20.174632876296528
10345010,-0.011024138798489513,0.011075362992286841,3.7751011098507052,2.1724659381471625,-6.936272663826948,0.05552253424763798,9.900543212890625,0.0,20.201892702956684
10358228,-0.02665932030849083,-0.006595895181074507,3.7692798063265536,2.135060622053743,-6.722731448990256,0.021114711526260876,9.900543212890625,0.0,20.228166430373676
10371354,-0.02392407787389983,0.02119378848887976,3.804017011585907,2.4997996468405432,-6.806836880404951,0.0906110421591233,9.900543212890625,0.0,20.254093020339496
10384646,-0.019545174484177696,-0.027522119131311085,3.784711527913288,2.1202754542379054,-6.812155367222431,0.012465909798070385,9.900543212890625,0.0,20.280628054519184
10397926,-0.01838057867072429,0.023786890012323925,3.835707615835071,2.4958628087900507,-7.070964549276532,0.0939640398222199,9.900543212890625,0.0,20.307018130202778
10411453,-0.009123066131248248,0.0020397821663324933,3.8335618282701085,2.5870851619763684,-6.80774275791109,0.09971225046053434,9.900543212890625,0.0,20.333988039870746
10424809,-0.03182671528741654,-0.0017134542410073283,3.849471602313668,2.444117109155357,-6.74732919550598,0.048479508041589625,9.900543212890625,0.0,20.360406725783832
10437917,-0.02693472128547647,-0.02044243240252097,3.8396982227237526,2.5646650709101593,-6.845027568950208,0.09999920457452482,9.900543212890625,0.0,20.386478274245746
10451319,-0.018030520899965374,0.010890372459069209,3.8914504689747846,2.7065278131642927,-6.977281242811536,0.17095158096946683,9.900543212890625,0.0,20.41318687715102
10464763,-0.01796885729268105,0.007733592887297469,3.8814045627770577,2.8631049806909203,-6.92410525681958,0.07969192583598073,9.900543212890625,0.0,20.4398668698268
10477980,-0.02363674503698876,0.0026748709135504534,3.8851229787152266,2.8222339716790614,-7.022738289123925,0.06733751867644244,9.900543212890625,0.0,20.466256945510395
10491248,-0.01890277565322762,-0.0063731307066976495,3.8926554564072195,2.745560297472771,-6.884638240021619,-0.018305777126254696,9.900543212890625,0.0,20.492618410964496
10504855,-0.021773584605007557,0.007937349349111944,3.8990607927708334,2.8794626759371127,-7.052673459906579,0.08960493258312319,9.900543212890625,0.0,20.519500582595356
10518075,-0.018945999328940033,-0.0028763975009320486,3.925828809228838,2.888764031980635,-6.965538471615016,-0.04627283597409715,9.900543212890625,0.0,20.54557213105727
10531380,-0.024128455572947516,-0.010043706603497071,3.915095753246993,2.7413904672537726,-7.146386487552228,0.04747701071277177,9.900543212890625,0.0,20.571962206740864
10544638,-0.03486805612921673,0.023790602333992883,3.961134772178978,2.993291232373714,-6.970720016749503,0.04825540707424203,9.900543212890625,0.0,20.59840950288344
10557850,-0.03128676953911702,-0.015086015742868275,3.9550673568071435,2.687416360539352,-7.132415914133041,0.11856556875854629,9.900543212890625,0.0,20.624481051345356
10571632,-0.01795851602077425,-0.015118736194297488,3.971464779505805,2.7225109786495594,-7.291262995980386,0.11103964641891473,9.900543212890625,0.0,20.651885836501606
10584868,-0.0411815291154376,0.004751553865745883,4.018449076559619,2.783759639152443,-6.9347043129445645,0.04240623890735229,9.900543212890625,0.0,20.678043215651996
10598165,-0.027753435081764533,0.01758981427989914,4.034015371507332,3.0347724233828473,-7.088645108802318,0.004618587292506859,9.900543212890625,0.0,20.7045210293727
10611446,-0.026004260450451788,-0.014105068361460527,4.001713085006179,2.7298122750106515,-7.133738386289483,0.09291642897635555,9.900543212890625,0.0,20.73085388459731
10624660,-0.007839944540485533,0.050245457128286874,4.03565385953039,3.4202005663104345,-7.253963650320475,0.16551612799018578,9.900543212890625,0.0,20.756894915481098
10638155,-0.05288458972640253,-0.010139819671511674,4.043763609742821,2.7894225568020374,-6.944144074519727,0.03342878686055606,9.900543212890625,0.0,20.783777087111957
10651286,-0.006923692733346698,-0.012073538226484715,4.063944738219381,2.8919082827782674,-7.392930006528495,0.029577357118130365,9.900543212890625,0.0,20.809993594069965
10664575,-0.04905469934306961,-0.019758324067741473,4.088049773320705,2.767389516283579,-7.1177201750899854,0.04393683970242357,9.900543212890625,0.0,20.836326449294575
10677806,-0.03177366997860265,-0.020242576809599955,4.087793626194225,2.7308432046002054,-7.172419013423475,-0.0033782705480600583,9.900543212890625,0.0,20.86265739717055
10691620,-0.013427390548586438,0.01849955756515298,4.099609823277295,3.0390679780346233,-7.250262865329091,0.058644587203861676,9.900543212890625,0.0,20.889917223830707
10704861,-0.05159352126359851,0.020353623772040308,4.106710462584869,3.1327558071680315,-6.998751229758412,0.09515233966417647,9.900543212890625,0.0,20.916337817092426
10718136,-0.03653088046163244,-0.0064629789666830195,4.09939288863793,3.1234233375403306,-7.253286109429595,0.1422424949191523,9.900543212890625,0.0,20.942785113235004
10731338,-0.01929981390274982,0.02527612076379393,4.112847289842442,3.2548511151851756,-7.463904973639547,0.1629034975071999,9.900543212890625,0.0,20.969001620193012
10744601,-0.011753065969272836,-0.02765817392505676,4.099032017395423,3.0105237078134763,-7.402296786008183,-0.019589261265622326,9.900543212890625,0.0,20.995420306106098
10758124,-0.011976793172656652,0.013983079262375853,4.151888640209437,3.0995002315238125,-7.436513023119275,0.08379080646008319,9.900543212890625,0.0,21.021983950515278
10771431,-0.016305524766965895,0.0013548570018262485,4.140392908583507,3.0424071882145043,-7.162565956747535,-0.022116687194928986,9.900543212890625,0.0,21.048547594924457
10784674,-0.03783183830916759,-0.012651980419531084,4.170962451017723,2.9746062663373394,-7.235845523101986,0.22483665400482522,9.900543212890625,0.0,21.07470688142348
10798061,-0.02651210643939539,-0.029888626815154584,4.159144574104771,2.7652970820203464,-7.241934292644714,-0.011258746283427712,9.900543212890625,0.0,21.101386874099262
10811901,0.012543662711308468,0.060762835068554066,3.864318468616754,2.621304453084761,-7.320274157415778,0.08708086750417898,9.900543212890625,0.0,21.129022448440082
10825259,0.0016296274402742839,0.08720844543688044,3.5725020506470653,1.9221481323179646,-7.158639134044648,0.1767760526201858,9.900543212890625,0.0,21.15544113435317
10838300,-0.0029837725296606443,0.017045424083546257,3.53116951437302,1.3676248314391088,-7.228972488354,0.014312065483704117,9.900543212890625,0.0,21.18116554536391
10851389,-0.030638244276492532,0.031183410537168665,3.5964236755853154,1.5956359988710318,-6.830744458865524,0.09851632269300659,9.900543212890625,0.0,21.20723518647719
10864826,-0.02223881275214179,0.009093120003491828,3.586051483797878,1.434063470935378,-6.9270515036305795,0.00024623027160686206,9.900543212890625,0.0,21.233945696731098
10877970,-0.002947931706010376,7.172197327043328e-05,3.5866270108841363,1.606749263651075,-6.902253948569001,-0.053635795893223204,9.900543212890625,0.0,21.260045855422504
10891203,-0.025576296280323874,0.019189911071583632,3.60679613794379,1.7240372290739359,-7.0255623883736185,-0.01251771082125508,9.900543212890625,0.0,21.286231844802387
10904434,-0.013877423819824486,0.01211405070208027,3.622564374895618,1.7839028087733695,-7.130307249392569,-0.08713640558980451,9.900543212890625,0.0,21.31250557221938
10918056,-0.00420914618335555,0.021126753869801895,3.6407721813212346,1.854444483199714,-7.282104239872847,0.06966655384242415,9.900543212890625,0.0,21.33950409211684
10931275,-0.031161060605122692,0.02354858475171029,3.6800665768402077,2.028934511133727,-7.002290602702054,0.02671262842498301,9.900543212890625,0.0,21.365808337111957
10944539,-0.02544327979601846,0.01629231411084575,3.6876549755252905,2.042518108184339,-7.206189363630266,0.20236011840045443,9.900543212890625,0.0,21.392284243484028
10957862,-0.0184904389595979,0.021497569222897583,3.7083743783365195,2.1385572904363315,-7.12303920081407,0.049000692154614,9.900543212890625,0.0,21.418790667434223
10971644,-0.026930390899776224,0.02758970391571558,3.715892730335594,2.2457554851072956,-7.128180902434586,0.0021282790523766693,9.900543212890625,0.0,21.44616684236098
10985064,-0.037163801127298335,0.0013450489158930434,3.7329266621564337,2.029314485486452,-7.183835527328704,0.018691318425833714,9.900543212890625,0.0,21.472846835036762
10998344,-0.018843176869898226,0.011877812561765344,3.758410532321111,2.1860632209470907,-7.326153771926762,0.07732106263034133,9.900543212890625,0.0,21.499034731765278
11011526,-0.03000617077514489,0.012891443303674865,3.7699632208542533,2.202596847795249,-7.447396865981819,0.1731743199165141,9.900543212890625,0.0,21.525163500686176
11024750,-0.003268236699327076,0.016103310619592914,3.7936258607247475,2.3659739609450057,-7.400540325583371,-0.059622568968981327,9.900543212890625,0.0,21.551204531569965
11038166,-0.008526011363043207,0.013773787663206916,3.80900921841018,2.0782620722146277,-7.479096993575098,0.016596542336419162,9.900543212890625,0.0,21.577768175979145
11051371,-0.0349556957836441,0.01606487701304249,3.831102297448591,2.371143449061222,-7.3723644677618125,0.10011657342128544,9.900543212890625,0.0,21.604072420974262
11064525,-0.016878539765774914,0.017638491763324105,3.8576778968577097,2.2596100504526433,-7.489983657354411,0.06348078896567166,9.900543212890625,0.0,21.63028892793227
11077825,-0.023420164227931473,0.006299137140960198,3.8840992045430847,2.2787132338553633,-7.5036561753827336,0.15235952779605988,9.900543212890625,0.0,21.656532137771137
11091676,-0.042876954310759,0.014529104228168999,3.8916035456441347,2.3567194993871468,-7.4285119155700485,0.024736464846730755,9.900543212890625,0.0,21.684024660964496
11104973,-0.022598183831347818,0.016180692037418787,3.933528429900185,2.324007883967454,-7.567698552528174,-0.020425248672591323,9.900543212890625,0.0,21.710328905959614
11118162,-0.030612950971572683,0.019782223547771816,3.9345207773787534,2.4435918844878657,-7.5872379486188315,0.029582175394221366,9.900543212890625,0.0,21.7367475918727
11131285,-0.03749276272959934,0.0423267672878509,3.9633134304103264,2.419097720377742,-7.415689461514802,0.054603463626950344,9.900543212890625,0.0,21.762847750564106
11144775,-0.04546520193815162,-0.00809220247290976,3.962229758777991,2.1646004508061694,-7.352846543454682,0.08984718963332305,9.900543212890625,0.0,21.789323656936176
11158016,-0.019689542013554995,0.035138372442946375,3.9756625742026426,2.3925243556828804,-7.527273311052472,0.06608111131094496,9.900543212890625,0.0,21.81551155366469
11171143,-0.03733077146969688,0.01544537739709062,3.971349636929483,2.4290040612918133,-7.347361197435411,0.047846419587136424,9.900543212890625,0.0,21.841466753860004
11184331,-0.010172767461910315,0.00011635790176733884,3.9415470419267566,2.1622640338280874,-7.714171162681133,0.11810652687050371,9.900543212890625,0.0,21.867507784743793
11197860,-0.03147466763362239,0.0341017348939181,4.001616155667305,2.4709481646776226,-7.727097410645193,0.12881636454373613,9.900543212890625,0.0,21.894275515456684
11211545,-0.021341255577354445,0.009851491226330777,3.998458765947,2.325301307854801,-7.810853044958861,0.16762968174941761,9.900543212890625,0.0,21.92144760407973
11224846,-0.03390634773000967,0.019105986326932944,3.988583795391322,2.241767047485709,-7.7915357390749485,0.01172524606227654,9.900543212890625,0.0,21.947837679763325
11237990,-0.015141976476236163,-0.003985287177115326,4.00578566621855,2.183934213554558,-7.63225311005905,0.07361729795843353,9.900543212890625,0.0,21.97393783845473
11251077,-0.03156503156885471,0.009342315608859009,3.9689324298936133,2.1345691154518747,-7.528850130718649,0.09728315562278134,9.900543212890625,0.0,21.99977669038344
11264448,-0.028092514526321555,0.009968620895147495,3.8755629834499956,1.8170372656598701,-7.394747632383556,-0.09677880665078753,9.900543212890625,0.0,22.026225893874653
11277844,-0.035200833183675506,0.025425140360817666,3.861972451099381,1.8845841766461717,-7.565442270049154,0.07265611693598295,9.900543212890625,0.0,22.052701800246723
11290984,-0.019878663274570663,0.01622722844414426,3.8000811634542795,1.5671828393793135,-7.5966635689984265,0.019829918777569233,9.900543212890625,0.0,22.078975527663715
11304230,-0.008878653911202239,0.0015396606075768204,3.7934025011718275,1.4087195226898714,-7.654107796845139,0.05146952770918567,9.900543212890625,0.0,22.105249255080707
11317539,-0.025505165635644644,0.018391930670142775,3.797630607545973,1.4689208163392493,-7.538149643464685,0.06577893653035005,9.900543212890625,0.0,22.131755679030903
11331244,-0.035341210950463164,0.005482903232574499,3.7715256352472313,1.3838606854949873,-7.413939682712709,0.014082031064777567,9.900543212890625,0.0,22.15904411592055
11344402,-0.020380891499071296,0.016316898793056867,3.7604824229539195,1.4656289486096838,-7.466351671657119,0.032726672145498625,9.900543212890625,0.0,22.18505844392348
11357519,-0.02806636835403653,0.01749710969388496,3.7685099046251187,1.3937312433429128,-7.364137369183606,0.07591089149445018,9.900543212890625,0.0,22.21109947480727
11370649,-0.025233462333603907,0.013410455945209065,3.757791382129565,1.5148755979689952,-7.56894967899159,0.1267422601566448,9.900543212890625,0.0,22.23722824372817
11383880,-0.023622470702528098,0.004732595914304527,3.7495150061061984,1.315826291431783,-7.539864594276249,0.10647234549462858,9.900543212890625,0.0,22.263503878493793
11397576,-0.025833186613320347,0.012575860688537555,3.755313012087793,1.4194514765508472,-7.554272314667855,0.06474709616213836,9.900543212890625,0.0,22.290733187575825
11410665,-0.00905837462603909,0.014426495859623412,3.7313269043856865,1.4300588921277253,-7.491226706696011,-0.0878141199184963,9.900543212890625,0.0,22.316688387771137
11423882,-0.032491627305000215,0.027254882904515165,3.76552820391737,1.5277665970167433,-7.469803585251871,-0.006311762360558859,9.900543212890625,0.0,22.342817156692035
11437158,-0.027413117173909374,0.0036851181255286303,3.7268023635272685,1.3728420117507838,-7.520081159213639,0.01134306377291594,9.900543212890625,0.0,22.369237749953754
11450962,-0.026789217000155574,0.012317643950879642,3.7340845919170977,1.4903567690438067,-7.489299132211212,0.08473047569185432,9.900543212890625,0.0,22.396787493606098
11464107,-0.02509678596176146,0.02904215053305026,3.7294380230225626,1.51621295801759,-7.515483239706011,0.061512423728109056,9.900543212890625,0.0,22.42285713471938
11477351,-0.02352752724394147,0.03167707821458632,3.7165320828261974,1.5677432812698129,-7.70868536350951,0.0745356801183501,9.900543212890625,0.0,22.449277727981098
11490502,0.000451122278199545,0.01987456227257889,3.7339334819512073,1.4660854351912391,-7.765287505380808,-0.020621153928487956,9.900543212890625,0.0,22.47534736909438
11504075,-0.011839528446345504,0.02419769239805669,3.6970197183629128,1.4807513327014448,-7.868016417233946,0.030013284223750603,9.900543212890625,0.0,22.502086489577778
11517265,-0.017673280848413242,0.01600524095557665,3.6846114618857957,1.345324060123417,-7.72637476393804,-0.006421143416242003,9.900543212890625,0.0,22.528388827224262
11530495,-0.019213942918181015,0.023568467408344507,3.699771737992094,1.389950596419716,-7.912635794398639,0.15669368123434424,9.900543212890625,0.0,22.554460375686176
11543748,-0.038676121599971136,0.030730980402604136,3.6698672930935774,1.2717607309043402,-7.716078887561263,0.10637296027980803,9.900543212890625,0.0,22.580676882644184
11557005,-0.031975262740402854,0.007911655291468422,3.6579925904090707,1.263298053281602,-7.829481915706399,0.170843189576118,9.900543212890625,0.0,22.60700783052016
11570582,-0.015868404172509454,0.031626556453183685,3.6560012906963384,1.2044775655522955,-7.979992308243812,0.05663770317427819,9.900543212890625,0.0,22.63400635041762
11583805,-0.01655894603386443,0.025257358813807418,3.642936324528382,1.1484739178860224,-7.984499050257508,0.08356930841989829,9.900543212890625,0.0,22.660077898879535
11597190,-0.016655497908963923,0.03632785384304871,3.668872183682695,1.135037734170261,-7.981233753345165,0.14900994658447608,9.900543212890625,0.0,22.68649658479262
11611005,-0.017759032331629676,0.019191769906058864,3.650388157556132,1.0362944829365617,-7.947796015145631,0.12777630351282632,9.900543212890625,0.0,22.714046328444965
11624326,0.01370979349911261,0.03416993865847617,3.620613557312489,0.9829246261982618,-8.048805385934862,0.10892584584131804,9.900543212890625,0.0,22.740407793899067
11637571,-0.04907693645462308,0.01479896822750626,3.6312170562338832,0.8879731848920898,-7.5958390186770295,0.08410830406740111,9.900543212890625,0.0,22.76668152131606
11650654,-0.02271230810567637,-0.0030319318385416683,3.5973551531223955,0.709870471722482,-8.022561498407125,0.034023097918183254,9.900543212890625,0.0,22.79260811128188
11663762,-0.05920808433979685,0.026001779248044032,3.644755899158642,0.9024698441520229,-7.637781306016745,-0.005970946714208836,9.900543212890625,0.0,22.81833061494399
11677350,0.011249755851478582,0.01742098025895733,3.5938014483693994,0.903522301850316,-8.366813921621741,0.15720180991671917,9.900543212890625,0.0,22.84532913484145
11690675,-0.01093969868116007,0.038640788387879876,3.615037429561541,0.8853171817833214,-7.937957751994283,0.10525110100708979,9.900543212890625,0.0,22.871894686599262
11703770,0.013320166335553552,-0.007337454486116668,3.5824320622441927,0.5784177174976435,-8.1653871416381,0.09038469146095274,9.900543212890625,0.0,22.89799484529067
11717055,0.0003657981526115073,0.012662405964583678,3.625099983847291,0.6855797016602736,-8.147425276663153,0.14398462607324092,9.900543212890625,0.0,22.924297182937153
11730792,-0.041098609857856516,0.013558903297558933,3.5842953292886177,0.7601305100581044,-7.7055537126860045,0.034383837449176724,9.900543212890625,0.0,22.951440661330707
11744140,-0.03352095876462702,0.010521049479693012,3.5823456830830875,0.7722800368133207,-8.083915310747777,0.0844596185061306,9.900543212890625,0.0,22.97791847505141
11757414,-0.021115640253349444,0.034856656211838866,3.6042487626378987,0.9236501583847385,-8.135768950738164,0.15657944890551256,9.900543212890625,0.0,23.00416359223891
11770604,-0.017950813377573205,0.05112578149229319,3.6097234225243335,0.7959993715563485,-7.956192874170096,-0.03038946549192012,9.900543212890625,0.0,23.030437319655903
11783997,-0.033664943485185006,0.026130545021668228,3.5998898147887743,0.6696794102089072,-7.901756501114971,0.13545252054862722,9.900543212890625,0.0,23.057029574294575
11797287,-0.028562697829305428,0.0055415495339781184,3.582949937494174,0.4483758580480526,-7.878254566889261,0.041132678321377014,9.900543212890625,0.0,23.083303301711567
11810398,-0.029759040846227602,0.0432102807676793,3.607125212062598,0.5919483054402477,-7.824234509410566,0.1000389616367201,9.900543212890625,0.0,23.109201281447895
11823535,-0.0286528100387744,0.023541349710375803,3.553308271258623,0.3806264861205193,-7.882780048657658,0.14872928528830442,9.900543212890625,0.0,23.13527282990981
11836947,-0.027323196397870397,0.0079014113655691,3.559207791397274,0.3088158995667101,-7.806683912729028,-0.02646292666822525,9.900543212890625,0.0,23.162010043044575
11850731,-0.011268608818053583,0.041722113438398045,3.5379608148588244,0.39266613641277104,-7.877563037900778,0.04868224922686615,9.900543212890625,0.0,23.18924125947524
11863964,-0.030472755406795837,0.026841422257944947,3.5427319338189815,0.40628549125268876,-7.823886628668756,0.10323836500190176,9.900543212890625,0.0,23.215370028396137
11877207,-0.026283859718664537,0.014315249778181771,3.5179688705264036,0.2711305983854828,-7.720478147348466,0.03503427326157471,9.900543212890625,0.0,23.241788714309223
11890533,-0.022982920561656073,0.04415592492118536,3.5155155973188585,0.43088653734564986,-7.848652840554269,0.0422054936963292,9.900543212890625,0.0,23.26820740022231
11903792,-0.01818964552983582,0.025436542355120606,3.4946803013953573,0.4926404658390595,-7.9456400199575725,0.1151237563846994,9.900543212890625,0.0,23.29456886567641
11917424,-0.01135687982886946,0.016502945929095292,3.465547463226841,0.19660247740149117,-7.9481638664534735,0.00219032486386439,9.900543212890625,0.0,23.32162651338149
11930655,-0.019527650571390165,0.035912036994323326,3.4779382329516864,0.510045247154089,-8.008799215865732,-0.03219324865512618,9.900543212890625,0.0,23.34769615449477
11943791,-0.024873032433315068,0.024308481962308504,3.464020291778371,0.3025129293712965,-8.072897686388643,0.1381356249924739,9.900543212890625,0.0,23.37362274446059
11957090,-0.027113263625501816,0.026160789404809703,3.4508565761521464,0.3468861563867307,-8.113630562641923,0.09013572527587321,9.900543212890625,0.0,23.400216906447895
11970846,-0.0239055670152597,0.04039078576177357,3.440103589149118,0.2677777267907615,-7.982487469905021,0.08374641259044502,9.900543212890625,0.0,23.427533953567035
11984089,-0.040463039420469915,0.027533464477435432,3.447321782769934,0.2366641436277348,-8.199190171846006,0.1662836156765355,9.900543212890625,0.0,23.453866808791645
11997373,-0.019501576392500386,0.02318413659393803,3.4240026780951025,0.11229202896669221,-8.10129236916438,0.0015887166370447403,9.900543212890625,0.0,23.480371325393207
12010618,-0.038101562507077524,0.037588256957158395,3.447380715536699,0.2131896492557246,-8.050706649712474,0.0029814409001911457,9.900543212890625,0.0,23.506559222121723
12023774,0.0009873296492552974,0.03947043309204301,3.4135027964621045,0.19660036657139557,-8.189059501290771,-0.042240768494979264,9.900543212890625,0.0,23.532745211501606
12037402,-0.022107369174062086,0.03601969884015688,3.420525401134864,0.13536211851089774,-8.201793700936442,0.0505969864236544,9.900543212890625,0.0,23.559831469436176
12050623,-0.026495112775786644,0.040486594693661004,3.427864485944212,0.08083371736154277,-8.247301497064832,0.19058049574255875,9.900543212890625,0.0,23.58581527986098
12063740,-0.0125719216354927,0.017532841351926676,3.407501311580837,-0.014315677386228742,-8.297052932150368,0.02821205626636747,9.900543212890625,0.0,23.611915438552387
12076991,-0.03728076354093801,0.016213019280359564,3.4120705281584716,-0.11356908643990948,-8.230297489136458,0.06596198980189705,9.900543212890625,0.0,23.638334124465473
12090684,-0.019664511355384384,0.047228031747341026,3.414854232008756,0.042444888981883366,-8.457104071200941,0.0923814877824487,9.900543212890625,0.0,23.665420382400043
12103913,-0.03547832786671723,0.02624390683613753,3.4021450641932347,-0.053262842888386785,-8.169059005155713,0.08111068122230591,9.900543212890625,0.0,23.691579668899067
12116884,-0.03302054907083418,0.012236893873811105,3.3702497821852573,-0.25121194004132974,-8.338855059075655,-0.005459939474167896,9.900543212890625,0.0,23.717389910598285
12130583,-0.06129894199326591,0.041789896705299645,3.417139582045228,0.028285530735708164,-8.171147956592595,0.057021901190877244,9.900543212890625,0.0,23.74473556794692
12143704,-0.017170192068292955,0.006714538130238923,3.3719070218280707,-0.09349189341456565,-8.532836311093718,0.07135072365321093,9.900543212890625,0.0,23.77077850617934
12156875,-0.01883372615292611,0.05708194359548413,3.4125133227843794,-0.16140378020555346,-8.431675771616995,0.014263985494894271,9.900543212890625,0.0,23.796993105788715
12170113,-0.02217170043736605,-0.006754554151967129,3.335289928034172,-0.4533416038689069,-8.406785460744945,0.08470264302693131,9.900543212890625,0.0,23.82318100251723
12183404,-0.0239817664503299,0.041247039960548904,3.3401506619130825,-0.21640723742842738,-8.522787745066882,0.25896092404581594,9.900543212890625,0.0,23.849483340163715
12196898,-0.036595531503333945,0.03504745443895474,3.3405339075760545,-0.2224315609943801,-8.348907823850958,0.10414415953785294,9.900543212890625,0.0,23.876251070876606
12209963,-0.03219160879731131,0.032111488261521215,3.302093814706207,-0.26361737845302,-8.41981335089103,0.042162335448713506,9.900543212890625,0.0,23.9021471432643
12223213,-0.060017032319604535,0.015143784361258517,3.2880735558787735,-0.38766590489149166,-8.299533623648884,-0.013719020271375726,9.900543212890625,0.0,23.9283922604518
12236934,-0.026041059065385674,0.02967936175622099,3.257774128034488,-0.4302686865821528,-8.662745160712902,0.043290135879141545,9.900543212890625,0.0,23.955594866652973
12250299,-0.013209806639327581,0.029391242905706605,3.272579985171706,-0.48903371599435275,-8.753152695825847,0.022794582233130356,9.900543212890625,0.0,23.981956332107075
12263554,-0.014404357767924036,0.030938283255696808,3.2527173627918966,-0.592099073929937,-8.630035742093472,0.05463323060408243,9.900543212890625,0.0,24.00825866975356
12276832,-0.016212137221171652,0.041306217909530485,3.2454859630728516,-0.5467027027693376,-8.45553855451346,0.03235403279267324,9.900543212890625,0.0,24.034852831740864
12290170,-0.03780668946765253,0.041229786631018506,3.2345172715647523,-0.6075419602854524,-8.282240951528998,-0.06110636023372429,9.900543212890625,0.0,24.06150230683852
12303593,-0.017054558751805615,0.048633976904005394,3.2249886416547007,-0.703654205861838,-8.483658683436065,0.04807777235775923,9.900543212890625,0.0,24.088008730788715
12316861,-0.03401437406785668,0.05149975487612246,3.2104940023469184,-0.7920960571880684,-8.358933092829592,0.1542438868106153,9.900543212890625,0.0,24.114282458205707
12329962,-0.015189826033561449,0.02511175170652602,3.1974025064962364,-1.0521509951864232,-8.35196121882841,-0.008950195715801357,9.900543212890625,0.0,24.14032539643813
12343250,-0.03197491736270397,0.05169756884381216,3.1949580724118656,-1.026354274199761,-8.219507490769182,0.23279349691778428,9.900543212890625,0.0,24.166627734084614
12357021,-0.03281982430644259,0.04909102056153136,3.178714435192124,-1.0510780057260405,-8.174903814010172,0.12985685384668422,9.900543212890625,0.0,24.19397529878188
12370286,-0.023372824616282095,0.038503869425133175,3.1644214409685887,-1.1496476557786721,-8.034144687935264,-0.016550751093850735,9.900543212890625,0.0,24.220393984694965
12383404,-0.035273111188112605,0.04487913849584779,3.1680941482274982,-1.030867791264356,-8.128529418914916,-0.01104679809056286,9.900543212890625,0.0,24.24637779511977
12396685,-0.04238669194713118,0.02397927489481888,3.1498265383987882,-1.0978832774843283,-8.14708152754277,0.12004661661006466,9.900543212890625,0.0,24.272680132766254
12410147,-0.022550326510368812,0.03945424755930915,3.144785682011843,-0.9129327093939494,-8.342685209340011,0.14498633832410057,9.900543212890625,0.0,24.29962143220473
12423389,-0.034431194334029414,0.03228633166737915,3.1190082894793902,-0.9374407439777244,-8.26500627595231,0.09477541370339715,9.900543212890625,0.0,24.325925677199848
12436693,-0.03227829682059502,0.05603134664006593,3.129185892137066,-0.6423129091653266,-8.343612456856519,0.10948414861775824,9.900543212890625,0.0,24.352256625075825
12449965,-0.035008358890711744,0.037237643295079836,3.0970085469217605,-0.8745467630045098,-8.31875158974752,0.055819743893442464,9.900543212890625,0.0,24.37856087007094
12463230,-0.01856774146094864,0.033347632905096125,3.0882482259692257,-1.0294878985364804,-8.360814856151048,-0.08292547152236196,9.900543212890625,0.0,24.404834597487934
12476694,-0.038040540636479214,0.04348576430037632,3.077462398448736,-1.0649277136461421,-8.34014395678863,0.06217919702917207,9.900543212890625,0.0,24.43160042085219
12489946,-0.031488760231137114,0.04556978512294596,3.0709768978608403,-1.0935040684610655,-8.382996828134065,0.12455547318242388,9.900543212890625,0.0,24.45790466584731
12503219,-0.028914978500901967,0.0479071508190787,3.077727090582029,-1.1888924923484083,-8.320967048885674,-0.044007575891241046,9.900543212890625,0.0,24.48409065522719
12516947,-0.06467784494593642,0.0410074690795692,3.0623376334730543,-1.145579690337037,-8.238618419600432,0.08925219839207799,9.900543212890625,0.0,24.511409609694965
12530244,-0.02374862111955789,0.03777586592987214,3.0571333028890195,-1.231545218089522,-8.499936682872775,0.10783255745634257,9.900543212890625,0.0,24.53803047456313
12543297,-0.033897263038753955,0.058941405210569675,3.0642943693039575,-1.1898356117780509,-8.307853320348862,-0.01774957797207044,9.900543212890625,0.0,24.56395706452895
12556509,-0.029457503536194363,0.03830325068786755,3.0531407555975023,-1.38136358321578,-8.409874710803035,0.0942408378480355,9.900543212890625,0.0,24.590173571486957
12569451,-0.03133869494199715,0.038657843721360274,3.037239549236745,-1.313574823043048,-8.37010296068102,0.02310610189601725,9.900543212890625,0.0,24.614997713943012
12582618,-0.03426737125754231,0.05291570866487927,3.0549545195030428,-1.3531360454779815,-8.278515909882636,0.29645191198341614,9.900543212890625,0.0,24.639501421828754
12595189,-0.03190251724332516,0.05101158349506574,3.0461782995324587,-1.345710433668195,-8.503574498584872,0.09821818541563943,9.900543212890625,0.0,24.661020129104145
12607440,-0.030801275302319908,0.04520355328731274,3.0354596805577727,-1.4176768174655692,-8.374317924186741,0.021707731001898267,9.900543212890625,0.0,24.680885165114887
12619548,-0.01850535085260807,0.05764388294570133,3.014551177090929,-1.433173892382385,-8.339700629310311,0.061246649791671715,9.900543212890625,0.0,24.6987780026393
12631598,-0.03591645296454349,0.037548719463646796,3.0114894567406183,-1.5139070969261184,-8.386030654615169,0.08390940152138526,9.900543212890625,0.0,24.71516212739516
12643235,-0.02781147033885034,0.040605894658715114,3.003588494082243,-1.5761292668488665,-8.517671476396917,0.06103782382950307,9.900543212890625,0.0,24.729663699050434
12654605,-0.029419574416726046,0.05016361148834281,2.9804662038341165,-1.6363082434393519,-8.358371202822624,0.08298680090159039,9.900543212890625,0.0,24.74253830232192
12665789,-0.02980804653912683,0.04238921732924905,2.9838369938247653,-1.6635208150690772,-8.38470296436116,0.06355809735707929,9.900543212890625,0.0,24.754022448440082
12676814,-0.036445247841476736,0.0461313074619325,2.958443174813167,-1.7289649296356728,-8.373119527179004,0.0359361739905939,9.900543212890625,0.0,24.76405700959731
12687828,-0.03238196790069248,0.04794661687113355,2.9373264230007683,-1.6733869068424454,-8.348911126201159,0.04001130285791987,9.900543212890625,0.0,24.772815554519184
12698475,-0.030107144104390304,0.04229606089748472,2.9242270996583257,-1.7635927276256709,-8.416981861977131,0.08748661337144448,9.900543212890625,0.0,24.78012260713149
12709053,-0.041796592943071254,0.05697495793826879,2.918468933415488,-1.7493224677054542,-8.372134130072745,0.09340627672649937,9.900543212890625,0.0,24.78630050935317
12719496,-0.03229989915653997,0.04395794983200774,2.8888047673922044,-1.8471525192983407,-8.440753305763756,0.10481095740012769,9.900543212890625,0.0,24.791316836257465
12730254,-0.035563227738886205,0.05040867456875775,2.8713091224976632,-1.8388243600285108,-8.455588855936526,0.08942974493630196,9.900543212890625,0.0,24.795347063918598
12740339,-0.03151795522123502,0.044467271317691015,2.8519788786731666,-1.935182903340312,-8.449698403753192,0.09220596439570272,9.900543212890625,0.0,24.79795822419692
12750412,-0.035249220637529,0.051132745309398375,2.8321772190170735,-1.9245754892624944,-8.429822894155532,0.06710624981812963,9.900543212890625,0.0,24.79966911592055
12760452,-0.03571588949561022,0.05095417477317188,2.8131624165347966,-1.9674789763174942,-8.433444962100094,0.0802814190661163,9.900543212890625,0.0,24.80039390840102
12770406,-0.03414082772746596,0.048490818462818996,2.7957860288561887,-2.0124081815098265,-8.43537452063978,0.07486117478564402,9.900543212890625,0.0,24.800451128860004
12780369,-0.03628896799191761,0.05084593003705162,2.7774635571934287,-2.031701317355335,-8.450692487220167,0.0782553294734658,9.900543212890625,0.0,24.800451128860004
12790525,-0.03507645698651585,0.049968964768499546,2.762035909519047,-2.0796361238780605,-8.463786685642305,0.09229215685948766,9.900543212890625,0.0,24.800451128860004
12800606,-0.035320400268136876,0.05023620328277367,2.7447102074986702,-2.099860365575701,-8.469804943645599,0.09364754224866623,9.900543212890625,0.0,24.800451128860004
12810618,-0.0347451327830548,0.051398413019776656,2.7281020422281332,-2.123212254886255,-8.47488356924087,0.08420854928106003,9.900543212890625,0.0,24.800451128860004
12820869,-0.03565132883891353,0.05158094251424106,2.7112632241451746,-2.1763603054316363,-8.482030383304956,0.09215983863860089,9.900543212890625,0.0,24.800451128860004
12830876,-0.03674960889607615,0.05302204407058664,2.6971886135462673,-2.2012919670369513,-8.466913924508397,0.08979222270883547,9.900543212890625,0.0,24.800451128860004
12840816,-0.03496442579746173,0.05192188823074129,2.684120748979003,-2.242527549156918,-8.482762172621193,0.09385285133838472,9.900543212890625,0.0,24.800451128860004
12850752,-0.03584815886512338,0.049707836596146526,2.673328913321123,-2.2621454191745087,-8.479017614260616,0.08717094315133878,9.900543212890625,0.0,24.800451128860004
12860721,-0.03702331168040551,0.053252172495574124,2.6610638949887457,-2.2852351447826607,-8.483569924016003,0.08972242944017061,9.900543212890625,0.0,24.800451128860004
12870830,-0.036384804775266844,0.053574207703471766,2.6487299721698467,-2.2927941487906125,-8.481333626068835,0.08325250013530194,9.900543212890625,0.0,24.800451128860004
12880783,-0.036514838189332544,0.052910318366289566,2.6345809734539696,-2.315230384031011,-8.490444605325166,0.095187690517605,9.900543212890625,0.0,24.800451128860004
12890815,-0.03702351677954141,0.051067345693335264,2.621094757307694,-2.3496867028300485,-8.494392230035068,0.08099684230633031,9.900543212890625,0.0,24.800451128860004
12900830,-0.03648077717453191,0.05437899110890965,2.6093375503735996,-2.364467861196772,-8.51333365414754,0.08174451144106598,9.900543212890625,0.0,24.800451128860004
12911215,-0.036772861277162505,0.05397755912035729,2.5975319868350035,-2.4180933840513177,-8.511777100117357,0.09867138268694298,9.900543212890625,0.0,24.800451128860004
12921230,-0.03790261488735602,0.05447577925071134,2.5886757943871626,-2.4442375628042967,-8.512447567146424,0.0889333229245235,9.900543212890625,0.0,24.800451128860004
12931208,-0.037395595921128066,0.053436783394813725,2.5776753268644215,-2.467652325254832,-8.506325756951277,0.08603085852235459,9.900543212890625,0.0,24.800451128860004
12941155,-0.0369931065896143,0.05373160624258233,2.570993295484111,-2.4865740671408147,-8.522748050769867,0.08851402822740262,9.900543212890625,0.0,24.800451128860004
12951112,-0.0379794431427114,0.053499801457971286,2.558800269368888,-2.498608982839656,-8.50958423169002,0.09690116880297595,9.900543212890625,0.0,24.800451128860004
12961118,-0.03778758888483047,0.054263347739875734,2.550732107520551,-2.5448394821552256,-8.527257189524626,0.09413967228785047,9.900543212890625,0.0,24.800451128860004
12971235,-0.036680884502081845,0.05413527206659374,2.542363769570888,-2.5478085716809318,-8.536077348939482,0.09377707460433271,9.900543212890625,0.0,24.800451128860004
12981195,-0.0395672397509208,0.053807889869362135,2.533106767378599,-2.5721762063732783,-8.52312107795239,0.08855187014624555,9.900543212890625,0.0,24.800451128860004
12991258,-0.03784404716372425,0.05461499160826211,2.524660312064142,-2.597160109904486,-8.54654412524075,0.0863537488403896,9.900543212890625,0.0,24.800451128860004
13001591,-0.03778805227741522,0.05355426402017449,2.5140174693201485,-2.619971587614117,-8.55262857612044,0.08285137895747852,9.900543212890625,0.0,24.800451128860004
13011641,-0.03810859709650183,0.05314590368203853,2.5053464178543545,-2.6447539797207753,-8.551062483755945,0.08744188118792984,9.900543212890625,0.0,24.800451128860004
13021624,-0.0377150176565344,0.05576391159273708,2.498458017947898,-2.6607329201913643,-8.553039019891322,0.09571578636966471,9.900543212890625,0.0,24.800451128860004
13031619,-0.03879539562225265,0.05599480078749375,2.48984145485364,-2.6491136464539196,-8.552539163556549,0.0928917527856683,9.900543212890625,0.0,24.800451128860004
13041590,-0.038534506046622674,0.05422222381413011,2.479414978915006,-2.691165825942086,-8.569368271383645,0.08404834088563895,9.900543212890625,0.0,24.800451128860004
13051604,-0.038889092029928296,0.055187018951401656,2.4729011881881213,-2.7002824355153763,-8.553937788538931,0.08653568962044922,9.900543212890625,0.0,24.800451128860004
13061747,-0.036912105439752096,0.05325535601779863,2.465702624892444,-2.7285285831426123,-8.574877161439804,0.08303095700353147,9.900543212890625,0.0,24.800451128860004
13071704,-0.0393307785648096,0.05782458576232252,2.4573421921907372,-2.721840073189661,-8.555034523955882,0.08508720867633635,9.900543212890625,0.0,24.800451128860004
13081695,-0.040185628620683644,0.05523980731144573,2.4512307350686195,-2.7564870301731723,-8.56598515687585,0.09273399817511319,9.900543212890625,0.0,24.800451128860004
13092025,-0.0396149662472296,0.056985375076905154,2.442199014478252,-2.756027698959336,-8.570530199932161,0.0771864662971371,9.900543212890625,0.0,24.800451128860004
13102074,-0.04040030357181923,0.05676684793032716,2.4355339071280517,-2.7657458407352884,-8.567573043428066,0.09422799015931815,9.900543212890625,0.0,24.800451128860004
13111995,-0.040481154935954944,0.05677253041759145,2.4296311098310355,-2.7879962444024535,-8.574048873099983,0.09670659715428975,9.900543212890625,0.0,24.800451128860004
13121953,-0.0405548686742776,0.056990887792184974,2.422337968507186,-2.8182864166299986,-8.565086570062938,0.0899691837745138,9.900543212890625,0.0,24.800451128860004
13131938,-0.039929095935224534,0.05542380370683975,2.4163423528385914,-2.8398523166114025,-8.585395748084192,0.09995027103327025,9.900543212890625,0.0,24.800451128860004
13141934,-0.040013328093438716,0.05633614211402871,2.4105693343418095,-2.8380837086731177,-8.591282362573,0.09735681755952541,9.900543212890625,0.0,24.800451128860004
13152097,-0.038774520952849834,0.05893818995766398,2.401580965962634,-2.84412793070123,-8.608643535251915,0.09314796249218382,9.900543212890625,0.0,24.800451128860004
13162061,-0.03875709489509349,0.05467711689785171,2.3941098757670827,-2.8701264524558177,-8.595394898552154,0.08718690462201728,9.900543212890625,0.0,24.800451128860004
13172035,-0.0404455868375293,0.05808601534239988,2.390438861061559,-2.8622742668242758,-8.599227182232145,0.08820481429196825,9.900543212890625,0.0,24.800451128860004
13182278,-0.03999160826355119,0.05775041052475571,2.383165137515962,-2.8746441505799467,-8.601626263323283,0.0924140158954252,9.900543212890625,0.0,24.800451128860004
13192307,-0.041206018484234,0.057269867257177864,2.376534147193432,-2.8820747119803727,-8.595365013239391,0.09419203307360391,9.900543212890625,0.0,24.800451128860004
13202278,-0.04142699978619735,0.05762681597620256,2.369466249094308,-2.9036197754161073,-8.59617833636597,0.08887031323179606,9.900543212890625,0.0,24.800451128860004
13212253,-0.03859364534854759,0.058943145770058214,2.3641391027208423,-2.8990981566034293,-8.622922093095333,0.09998006480894794,9.900543212890625,0.0,24.800451128860004
13222216,-0.03977946220636275,0.057716278249994035,2.356745097448901,-2.933856204888972,-8.626948374724687,0.09025724392972911,9.900543212890625,0.0,24.800451128860004
13232230,-0.03963247270047576,0.0574317507859321,2.354292572407351,-2.9390130964221086,-8.628590990847794,0.1039913397776342,9.900543212890625,0.0,24.800451128860004
13242262,-0.042565247642695425,0.05901440208107256,2.348432688751668,-2.9557439814328355,-8.601129202781618,0.1029357570093854,9.900543212890625,0.0,24.800451128860004
13252392,-0.04154239222645684,0.05840223533764499,2.342408296888918,-2.962405645201951,-8.618402828734816,0.09012109183803219,9.900543212890625,0.0,24.800451128860004
13262399,-0.04060352669000533,0.057193253489509877,2.3395204399538794,-2.972808443085402,-8.62446037404299,0.09228411298565398,9.900543212890625,0.0,24.800451128860004
13272645,-0.040455730922221544,0.05950957038283389,2.332163628109098,-2.9656670941408017,-8.647987494395828,0.1090718486706912,9.900543212890625,0.0,24.800451128860004
13282684,-0.04107177844792531,0.06006710629295564,2.325782922466435,-2.9873089226086798,-8.63112253030986,0.09743218951527055,9.900543212890625,0.0,24.800451128860004
13292670,-0.04205474597900993,0.05968981131780904,2.3237839274106555,-3.002171898548191,-8.628003430781071,0.10555788658674814,9.900543212890625,0.0,24.800451128860004
13302635,-0.04153381075054341,0.061338186056576705,2.318883686135449,-2.9946362875885875,-8.63413938468814,0.11299651497829544,9.900543212890625,0.0,24.800451128860004
13312610,-0.042206501768081495,0.05680520885571827,2.3089048947677027,-3.035855325845109,-8.633307557958815,0.09839538698375172,9.900543212890625,0.0,24.800451128860004
13322718,-0.04087065480425878,0.05858898219540731,2.3063437696291516,-3.0285283765038855,-8.631238493971232,0.09890776245877042,9.900543212890625,0.0,24.800451128860004
13332673,-0.04316555455014015,0.05921166128400723,2.3032543317490446,-3.0438387575126065,-8.636438873940858,0.10155424601640384,9.900543212890625,0.0,24.800451128860004
13342603,-0.04239037528485001,0.058420200463980665,2.296938214589805,-3.040666185277999,-8.635062125331462,0.09925820839688093,9.900543212890625,0.0,24.800451128860004
13352616,-0.040866351628302766,0.05931441738259058,2.292658221852817,-3.0671771639344456,-8.657006625635177,0.1004413485317297,9.900543212890625,0.0,24.800451128860004
13362853,-0.042654090190827,0.05849213042479007,2.2875652221839506,-3.082269884222409,-8.63547932210371,0.103709350057132,9.900543212890625,0.0,24.800451128860004
13372897,-0.04103980658203277,0.06078622720371918,2.282118671408333,-3.08069013461132,-8.661560400787891,0.10095662544313555,9.900543212890625,0.0,24.800451128860004
13382879,-0.04161521610960328,0.05951605272900329,2.2762033905698735,-3.0941606670611748,-8.66338259259567,0.10970563739258665,9.900543212890625,0.0,24.800451128860004
13392893,-0.0404851936636863,0.05907238185767105,2.2741530420827503,-3.10724388993863,-8.676258631074582,0.1002353630491708,9.900543212890625,0.0,24.800451128860004
13402906,-0.042325883161872024,0.05850886673562283,2.271135429389403,-3.116635226453841,-8.649858387004734,0.09330861869491436,9.900543212890625,0.0,24.800451128860004
13412895,-0.043431709858774425,0.058299019152857845,2.264597257655524,-3.12499789080206,-8.640719717681261,0.09284866315331186,9.900543212890625,0.0,24.800451128860004
13423014,-0.04415042812958303,0.058013924684338525,2.2592284150544186,-3.1425995732912817,-8.656058126209828,0.10565262625802241,9.900543212890625,0.0,24.800451128860004
13432988,-0.041841914674341396,0.05953493331242399,2.2556612297151615,-3.1346501349793776,-8.655107487277387,0.10745471027579079,9.900543212890625,0.0,24.800451128860004
13442961,-0.04183723088562363,0.061079714658521356,2.2520112793852767,-3.151007247592993,-8.659274422532622,0.0931780129586528,9.900543212890625,0.0,24.800451128860004
13453165,-0.04264465239420456,0.05970020514905472,2.249716679535658,-3.1513567186259444,-8.64990304152191,0.11200568488478524,9.900543212890625,0.0,24.800451128860004
13463208,-0.041739444567858275,0.059902322038822176,2.2443427403377374,-3.1695623379763553,-8.666446834018679,0.10665669848669346,9.900543212890625,0.0,24.800451128860004
13473183,-0.044242979284225825,0.060899417814165524,2.2366780686742076,-3.1801146259795807,-8.659850955372903,0.10262268135279484,9.900543212890625,0.0,24.800451128860004
13483179,-0.04169305409103519,0.05934583684615857,2.2374005308354654,-3.1904739860861753,-8.661250969708266,0.10358221739836004,9.900543212890625,0.0,24.800451128860004
13493191,-0.041306787272095136,0.0606065516966956,2.2300256433789065,-3.1869084707183752,-8.658618798540385,0.10805754114475086,9.900543212890625,0.0,24.800451128860004
13503168,-0.04330122323751384,0.05941005576830394,2.229442681559809,-3.2012345766138672,-8.643213354756387,0.10141839103657624,9.900543212890625,0.0,24.800451128860004
13513194,-0.04237220336228509,0.061545720331445564,2.2233413568150255,-3.2009770588519437,-8.673939480324393,0.10845003964893607,9.900543212890625,0.0,24.800451128860004
13523304,-0.04139251792967258,0.06134000523492733,2.2221031978873915,-3.210525389414876,-8.66500755337551,0.09251160440951445,9.900543212890625,0.0,24.800451128860004
13533287,-0.041928535443841675,0.060288869599328,2.2189570117910957,-3.2376113658197205,-8.677613411494942,0.10521067522100935,9.900543212890625,0.0,24.800451128860004
13543464,-0.04221466333240187,0.06092319010466363,2.215905046751351,-3.2322727663884336,-8.67231802385852,0.1015353508020933,9.900543212890625,0.0,24.800451128860004
13553506,-0.04159524092510303,0.05926661487650153,2.2090805373980484,-3.256700796743292,-8.683944414098416,0.10141141089130024,9.900543212890625,0.0,24.800451128860004
13563485,-0.04348017876386567,0.06127018129907591,2.203437185613737,-3.2569403160613746,-8.670726137002113,0.11077207295484826,9.900543212890625,0.0,24.800451128860004
13573480,-0.04390010126605537,0.06005306726917703,2.202552599047721,-3.257560596501005,-8.667585437603893,0.09766948390647734,9.900543212890625,0.0,24.800451128860004
13583472,-0.04520847420692409,0.06200369818702378,2.2003672375112777,-3.256796086945158,-8.658463478160648,0.10782247709453152,9.900543212890625,0.0,24.800451128860004
13593486,-0.04261680609345353,0.06043724499918546,2.197426549127326,-3.2594416248347606,-8.672595919950162,0.0930265216995032,9.900543212890625,0.0,24.800451128860004
13603498,-0.04338796643823306,0.060458135900982146,2.1931393088511753,-3.2803578465620085,-8.68653814935282,0.1141449207107339,9.900543212890625,0.0,24.800451128860004
13613619,-0.042848913122564,0.06040392605219069,2.190410034645312,-3.2936179438645787,-8.687592442400309,0.10072696044232465,9.900543212890625,0.0,24.800451128860004
13623609,-0.04319431760191872,0.0597412950292977,2.186414110042081,-3.3106842708677853,-8.667335476517977,0.10144105773828826,9.900543212890625,0.0,24.800451128860004
13633929,-0.04278809954479268,0.0622262482010949,2.184683457969167,-3.2905648069961018,-8.67695827213392,0.10332266517553457,9.900543212890625,0.0,24.800451128860004
13643938,-0.044143178218602586,0.06295862896170501,2.1813976527059458,-3.2979574695694076,-8.68374910588473,0.09748089614737765,9.900543212890625,0.0,24.800451128860004
13653880,-0.04269959491908493,0.06238191245719826,2.1757231269888586,-3.297326989414543,-8.676874449547082,0.09846707642823382,9.900543212890625,0.0,24.800451128860004
13663839,-0.04188158961355626,0.05946410131491753,2.171395384755657,-3.3359311329533945,-8.693829795776903,0.10417112650893579,9.900543212890625,0.0,24.800451128860004
13673801,-0.04278564906939808,0.0598778590542457,2.169624204781615,-3.3382297062635793,-8.679158557537946,0.09548950745966067,9.900543212890625,0.0,24.800451128860004
13683965,-0.043299876624940836,0.059946054959595596,2.1639844068098077,-3.3439439778713833,-8.681699344579282,0.10174329536080329,9.900543212890625,0.0,24.800451128860004
13693929,-0.04421727377906404,0.059427462655902374,2.161907198127211,-3.3457329100921775,-8.689549421821987,0.10265286421433117,9.900543212890625,0.0,24.800451128860004
13703857,-0.04352145660936735,0.05910498834550393,2.1610242631106082,-3.359954686268047,-8.683697112253014,0.1025684776517739,9.900543212890625,0.0,24.800451128860004
13713871,-0.044267756172716055,0.05979902085006272,2.159883796323985,-3.358534905338068,-8.680171284210086,0.09430609314680183,9.900543212890625,0.0,24.800451128860004
13724089,-0.04382636698961173,0.0606798998348792,2.155551308398508,-3.355381945558001,-8.693095749897807,0.11643438965152875,9.900543212890625,0.0,24.800451128860004
13734135,-0.043921277171372175,0.06065704863883603,2.153902168454752,-3.3596599366874287,-8.684098058985771,0.0952899632795905,9.900543212890625,0.0,24.800451128860004
13744114,-0.04493908348798703,0.05919075451299616,2.1465850216054925,-3.3825434202512383,-8.691313174087703,0.1031398704753812,9.900543212890625,0.0,24.800451128860004
13754110,-0.04543066219955616,0.05987395358465686,2.1491948858735714,-3.375933589749863,-8.686237875180844,0.10225739732749695,9.900543212890625,0.0,24.800451128860004
13764098,-0.04427136181235225,0.05998086297404015,2.14486082468886,-3.386165412603283,-8.700908311400564,0.09418877256620384,9.900543212890625,0.0,24.800451128860004
13774124,-0.044475040585249204,0.063145038956963,2.142108161357977,-3.3889403013832506,-8.696041172974557,0.10880183209691374,9.900543212890625,0.0,24.800451128860004
13784235,-0.04361481486618457,0.060733846990615126,2.1372737684631353,-3.406818470492439,-8.699734484175146,0.09855467276051755,9.900543212890625,0.0,24.800451128860004
13794295,-0.04381357453852841,0.06072928773820441,2.133116600187272,-3.4130944765193014,-8.70608834126443,0.10164783142000111,9.900543212890625,0.0,24.800451128860004
13804306,-0.04449498629718951,0.06142128178454942,2.1330649979039285,-3.4072133628962185,-8.70501196347654,0.10813746601812646,9.900543212890625,0.0,24.800451128860004
13814640,-0.044631627882420144,0.06179594746373618,2.128186679633633,-3.415590346625372,-8.702474716989403,0.10111537923581615,9.900543212890625,0.0,24.800451128860004
13824643,-0.04522309752747322,0.06263859870106003,2.1270767567835756,-3.4058309568972156,-8.69602521447197,0.10517803050562691,9.900543212890625,0.0,24.800451128860004
13834582,-0.04494019828006568,0.060037385928184195,2.1247818800048535,-3.4371771040418757,-8.708015822560345,0.09720920382380527,9.900543212890625,0.0,24.800451128860004
13844534,-0.04508932612523342,0.06261163808574932,2.120303119634558,-3.4160409630869495,-8.70446747415625,0.11045092578017979,9.900543212890625,0.0,24.800451128860004
13854493,-0.04436143756166011,0.06147567605078241,2.1185707386001953,-3.4485091090570386,-8.71091558080673,0.11067534987866878,9.900543212890625,0.0,24.800451128860004
13864482,-0.04396978107392702,0.061431769728046204,2.1166155132671634,-3.434495986991692,-8.713268311262361,0.10069790070043716,9.900543212890625,0.0,24.800451128860004
13874635,-0.043047808012961486,0.06163828168815022,2.112913151766379,-3.447729343363658,-8.719055571548715,0.10753370064759515,9.900543212890625,0.0,24.800451128860004
13884587,-0.045905573222934315,0.061954475294426326,2.1123201326850807,-3.442004183313397,-8.695015493002536,0.09469703219018832,9.900543212890625,0.0,24.800451128860004
13894733,-0.04534594104140943,0.06301007350843402,2.1079699068136897,-3.446161812868233,-8.704700658293515,0.10599722343344098,9.900543212890625,0.0,24.800451128860004
13905059,-0.0455834242540587,0.0629408291443252,2.1071400849615234,-3.4650471067021975,-8.71626273561709,0.10374580705428293,9.900543212890625,0.0,24.800451128860004
13915080,-0.044127014649956386,0.061881503244024305,2.103760215553288,-3.458510912703293,-8.71513657657512,0.1173991343000722,9.900543212890625,0.0,24.800451128860004
13925061,-0.04315318859577122,0.06308245276223867,2.10128630388219,-3.4617760818102603,-8.733404807867558,0.1021237430112425,9.900543212890625,0.0,24.800451128860004
13935087,-0.046442721748350735,0.060206939558927086,2.0996814142522036,-3.4841293784083227,-8.701520445555822,0.10797517996421035,9.900543212890625,0.0,24.800451128860004
13945052,-0.042739544169007715,0.0621214779176007,2.097133836951759,-3.474286885752953,-8.723003315991388,0.10511278926355772,9.900543212890625,0.0,24.800451128860004
13955032,-0.04604691576614872,0.061550296984408615,2.0934919269804477,-3.491764646761844,-8.69489368405976,0.10584858175015022,9.900543212890625,0.0,24.800451128860004
13965191,-0.04403702019318878,0.06287938912512758,2.089313693842646,-3.4861327548399395,-8.719284955863287,0.12208862176982649,9.900543212890625,0.0,24.800451128860004
13975167,-0.04415486664444135,0.06217233343141171,2.0912430978279377,-3.4996658113060697,-8.7285215124739,0.10839853013185774,9.900543212890625,0.0,24.800451128860004
13985160,-0.04444757204696481,0.06227210796829352,2.089060661344268,-3.4982965871523,-8.708575344895273,0.10344900016966996,9.900543212890625,0.0,24.800451128860004
13995451,-0.0444051407340158,0.06271839516716082,2.0839886974852355,-3.5088378175966284,-8.718870115599113,0.10857629670647917,9.900543212890625,0.0,24.800451128860004
14005517,-0.04363497132569494,0.06033499265164188,2.0811936559039363,-3.512008321505789,-8.72768725403622,0.09918971070215044,9.900543212890625,0.0,24.800451128860004
14015458,-0.04406557237058806,0.06286090106783448,2.078072601211314,-3.5152174472852273,-8.72834440656625,0.11207259068177855,9.900543212890625,0.0,24.800451128860004
14025399,-0.04660079059526234,0.06340960955962571,2.077452674099356,-3.515651693122088,-8.726316634025721,0.10386360546141837,9.900543212890625,0.0,24.800451128860004
14035362,-0.04491342404007881,0.06227420297358188,2.0769555165373914,-3.5227441742445933,-8.726394184499831,0.09697434874739486,9.900543212890625,0.0,24.800451128860004
14045328,-0.0444084465269734,0.061906369650867044,2.0733805036623965,-3.5409881373037564,-8.729332577623651,0.10701654118532034,9.900543212890625,0.0,24.800451128860004
14055371,-0.046393336641638694,0.06315969541071009,2.071947341234331,-3.541569507060075,-8.718253329320031,0.12304378559084483,9.900543212890625,0.0,24.800451128860004
14065482,-0.04588036557406161,0.06279325110983147,2.0695080853835126,-3.5305892348008214,-8.719682634107023,0.11228759594011883,9.900543212890625,0.0,24.800451128860004
14075463,-0.0434846397374562,0.06208661516763292,2.0675338541824377,-3.5257947659504403,-8.74088505918369,0.11973687456942983,9.900543212890625,0.0,24.800451128860004
14085830,-0.04610799153149037,0.06255706646265491,2.0638594323805535,-3.5528778151984355,-8.722581402214544,0.10524535693181569,9.900543212890625,0.0,24.800451128860004
14095817,-0.043711205634175965,0.06212002709414821,2.0648517852968356,-3.54750405449953,-8.728119857159257,0.10498727090377358,9.900543212890625,0.0,24.800451128860004
14105757,-0.04420542841657937,0.0637390720556863,2.06037997390112,-3.539857548365422,-8.733668582998888,0.097979560660999,9.900543212890625,0.0,24.800451128860004
14115715,-0.04492558283135173,0.06385017759028866,2.059539108975195,-3.568538558834085,-8.727085539030288,0.10299465090688287,9.900543212890625,0.0,24.800451128860004
14125679,-0.04453935833245426,0.06264593250125672,2.0580665266472113,-3.5616824882525187,-8.72332429359809,0.10069495258435524,9.900543212890625,0.0,24.800451128860004
14135676,-0.04371553788289306,0.06439683090517323,2.0596227436773304,-3.5508980032974335,-8.728197994599569,0.1073348399438494,9.900543212890625,0.0,24.800451128860004
14145705,-0.045091685266941184,0.06263084319654855,2.05574711960163,-3.561535960544532,-8.717335083028825,0.11304905347194527,9.900543212890625,0.0,24.800451128860004
14155831,-0.0447267774206388,0.06373637065906101,2.0521192594872053,-3.5675019066955542,-8.739437430509184,0.10556682299118236,9.900543212890625,0.0,24.800451128860004
14165818,-0.04485838489964511,0.06382442949894873,2.050142617236637,-3.5715050125114978,-8.725240110962247,0.11660477744277564,9.900543212890625,0.0,24.800451128860004
14176079,-0.04456100685104669,0.06351147683907321,2.049325697256439,-3.579505487091282,-8.726047729256752,0.11148213841523891,9.900543212890625,0.0,24.800451128860004
14186153,-0.044986624848693424,0.06538331185428436,2.0490730383562488,-3.584215694421104,-8.734238524002958,0.10569844731734968,9.900543212890625,0.0,24.800451128860004
14196120,-0.04705255848720613,0.06440393983963921,2.042807255356573,-3.5975324425091237,-8.720560572770985,0.11625886242832983,9.900543212890625,0.0,24.800451128860004
14206066,-0.04381801989823497,0.060831109866444244,2.0427859374393345,-3.6319805412519557,-8.745971669979323,0.10017717311477092,9.900543212890625,0.0,24.800451128860004
14216026,-0.04760387186825188,0.06460020848173675,2.041802134852224,-3.5918627696670917,-8.697471686657519,0.1103335883627441,9.900543212890625,0.0,24.800451128860004
14226003,-0.04428056842982642,0.0645028364176492,2.0407670562264144,-3.596883066390511,-8.727307781709364,0.1056239665769585,9.900543212890625,0.0,24.800451128860004
14236122,-0.04788935785338211,0.06214288180800165,2.036747404811141,-3.6248669452018873,-8.710755015266763,0.11353295294789412,9.900543212890625,0.0,24.800451128860004
14246065,-0.04574431605607154,0.06343394635807753,2.0341872256209337,-3.6227119864537976,-8.716009052945527,0.10533482901681168,9.900543212890625,0.0,24.800451128860004
14256162,-0.04580219429105492,0.06372809010187197,2.0305096372775555,-3.6309263936583562,-8.718412890774836,0.11194901618829078,9.900543212890625,0.0,24.800451128860004
14266451,-0.04433171953245907,0.06554900972129807,2.027004011187759,-3.636623344487905,-8.73776026234113,0.1161491840505402,9.900543212890625,0.0,24.800451128860004
14276436,-0.043734874744265184,0.06439556136317615,2.0289259586902713,-3.6159097844784753,-8.721343703543841,0.11623238237313771,9.900543212890625,0.0,24.800451128860004
14286383,-0.045376852636187515,0.062320623164717315,2.0267941482187624,-3.63894736006862,-8.732506421930122,0.11367959101563407,9.900543212890625,0.0,24.800451128860004
14296322,-0.04619111247032803,0.06436896420629679,2.0244503015779527,-3.6366173613513055,-8.721304586239086,0.11303845857171346,9.900543212890625,0.0,24.800451128860004
14306288,-0.04599463579580121,0.062492278883736985,2.021579699407015,-3.6511629420992193,-8.720985679914577,0.11067038002567564,9.900543212890625,0.0,24.800451128860004
14316321,-0.04552724929407148,0.062328679437358536,2.021396811645981,-3.6563234040239294,-8.724191181224665,0.1118217365445009,9.900543212890625,0.0,24.800451128860004
14326432,-0.04691219977855621,0.06489449710127015,2.020769892156311,-3.65049117399413,-8.717702130709142,0.1121400840303668,9.900543212890625,0.0,24.800451128860004
14336393,-0.04796472624421,0.06325009736690701,2.019294362695777,-3.6556571388452106,-8.713677105971126,0.11219973441239084,9.900543212890625,0.0,24.800451128860004
14346394,-0.045968628728612515,0.06336113218606498,2.0119869187955848,-3.6612220892263174,-8.744284038684558,0.10227706836408856,9.900543212890625,0.0,24.800451128860004
14356596,-0.04613956090085125,0.06537306579985702,2.013299039798035,-3.6690627336620416,-8.735988153364996,0.10601312159015741,9.900543212890625,0.0,24.800451128860004
14366664,-0.047230997229291916,0.06619312592885529,2.0127032556677333,-3.6680279363798434,-8.72790062299218,0.11182103579149505,9.900543212890625,0.0,24.800451128860004
14376641,-0.04473280831485926,0.06325382521197209,2.0072713320487745,-3.671988847556932,-8.744456748600307,0.09883437416479168,9.900543212890625,0.0,24.800451128860004
14386654,-0.04664535326018848,0.06381041927546272,2.0080096348564327,-3.6747193770184374,-8.729714152457117,0.11987819839447766,9.900543212890625,0.0,24.800451128860004
14396659,-0.04783110585898109,0.06485640020191696,2.005637960028202,-3.659453866290825,-8.730674012022767,0.12036629470422788,9.900543212890625,0.0,24.800451128860004
14406661,-0.04648806049771492,0.06330885879785764,1.999771941229879,-3.7053117496480716,-8.740209569832423,0.11270113121203096,9.900543212890625,0.0,24.800451128860004
14416753,-0.04716656686037668,0.0631858671522143,1.9995036804594104,-3.690342420211362,-8.742262329567076,0.10402273635804704,9.900543212890625,0.0,24.800451128860004
14426692,-0.046073835289178966,0.065426138628349,1.9980923295382418,-3.694046405957419,-8.744644354669902,0.11397482719950247,9.900543212890625,0.0,24.800451128860004
14436789,-0.047003192955925144,0.06250537668296152,1.9961578415840409,-3.705873390327458,-8.747896059390495,0.09761911809175139,9.900543212890625,0.0,24.800451128860004
14447060,-0.04580465831369107,0.0637015521949531,1.9936408622010058,-3.714242923002466,-8.758338742469256,0.10986372106224529,9.900543212890625,0.0,24.800451128860004
14457065,-0.04642447256654414,0.06320729090152333,1.9914097627390364,-3.7293504729148204,-8.751465494152832,0.10318906686680229,9.900543212890625,0.0,24.800451128860004
14466984,-0.04666167162276702,0.06277743120522272,1.9850459079571356,-3.7187862302537873,-8.747675396410568,0.10227685860387048,9.900543212890625,0.0,24.800451128860004
14476942,-0.046777861216514616,0.06433299426237116,1.9874812397587123,-3.7170750657211826,-8.753406341269091,0.10954645974611843,9.900543212890625,0.0,24.800451128860004
14486952,-0.04502140305265723,0.06350966633038602,1.9830656969741547,-3.7326966834921187,-8.757069962758944,0.11371775226725234,9.900543212890625,0.0,24.800451128860004
14496910,-0.04593491648502557,0.0636102539691239,1.9831737423456932,-3.7354643447976663,-8.745215425467752,0.10849893155702439,9.900543212890625,0.0,24.800451128860004
14506939,-0.044832223474382094,0.06393155014321206,1.9825569732153419,-3.7391214036301506,-8.775563352345973,0.10783966716557636,9.900543212890625,0.0,24.800451128860004
14517047,-0.04562664842501185,0.06447132858464544,1.9797798806567313,-3.733978557220233,-8.759587669419275,0.1128081845833897,9.900543212890625,0.0,24.800451128860004
14527001,-0.04556533405817964,0.0628591870667512,1.9772774384510425,-3.7524703049338903,-8.755460131335,0.11174034589129533,9.900543212890625,0.0,24.800451128860004
14537202,-0.047413863943963186,0.06373236474780364,1.976561596890484,-3.744552875432319,-8.745781906960534,0.11557063987659433,9.900543212890625,0.0,24.800451128860004
14547244,-0.04560191798172841,0.06600284218137187,1.9726091600529765,-3.7375217873733817,-8.758163197696994,0.11230389686125442,9.900543212890625,0.0,24.800451128860004
14557254,-0.04793447159021991,0.06472016903856814,1.9751535344038729,-3.740469194824229,-8.72723511964016,0.11173990682979884,9.900543212890625,0.0,24.800451128860004
14567244,-0.04583412037163903,0.0654595252088277,1.9704884853719369,-3.7421570118277714,-8.757196848041641,0.10441921638110507,9.900543212890625,0.0,24.800451128860004
14577220,-0.04572150851420975,0.06617268326356096,1.9688622308301653,-3.743958491394011,-8.756089929418977,0.11536839548506705,9.900543212890625,0.0,24.800451128860004
14587401,-0.04745052725538512,0.06301162260895654,1.9689341046132336,-3.7544386593475423,-8.749235542388188,0.11463063872287016,9.900543212890625,0.0,24.800451128860004
14597416,-0.048082373374177756,0.06500843111713484,1.9658790895295057,-3.764125134795858,-8.750203265480888,0.11982280139896062,9.900543212890625,0.0,24.800451128860004
14607433,-0.04527629033163105,0.06254894617658135,1.9648809889494254,-3.774171076219492,-8.762097132162154,0.10885556030843446,9.900543212890625,0.0,24.800451128860004
14617456,-0.048577510730697604,0.06404817688771547,1.962041499650284,-3.7633095894718096,-8.742917727991678,0.12151574927612252,9.900543212890625,0.0,24.800451128860004
14627781,-0.04567662395179184,0.06533960859274512,1.9612344777815238,-3.751104788373052,-8.74331144374274,0.11565132686236623,9.900543212890625,0.0,24.800451128860004
14637791,-0.04555376013003176,0.06623052740757385,1.9602705401293852,-3.78449121461178,-8.762452166825422,0.09390379130887716,9.900543212890625,0.0,24.800451128860004
14647716,-0.04719601824194086,0.06336737192096198,1.9599580816209876,-3.7629319584825467,-8.740002369090693,0.11238294094754409,9.900543212890625,0.0,24.800451128860004
14657672,-0.048433765147625873,0.06362776807095849,1.9571171786967296,-3.7950763469430413,-8.721732063251288,0.1113220950958489,9.900543212890625,0.0,24.800451128860004
14667592,-0.04767938086304735,0.06500363801256315,1.9587786774534877,-3.764721311072961,-8.74341441329079,0.10501813360418666,9.900543212890625,0.0,24.800451128860004
14677574,-0.04624779868494677,0.0681798624159351,1.9558149693927778,-3.7744300772903507,-8.742404497816246,0.1128743522154192,9.900543212890625,0.0,24.800451128860004
14687723,-0.046183657645209486,0.06354594580250827,1.9544437443750455,-3.810656562516666,-8.76151567080062,0.11931610322047881,9.900543212890625,0.0,24.800451128860004
14697681,-0.04618212413530687,0.06651069260827769,1.9502156565804638,-3.7785812814557183,-8.744310008364451,0.10850989657607357,9.900543212890625,0.0,24.800451128860004
14707638,-0.04473720679365023,0.06604047385540812,1.95028240320093,-3.7858672509045412,-8.757709800885955,0.11126503349373884,9.900543212890625,0.0,24.800451128860004
14717829,-0.044265286695546635,0.06447431621775501,1.952498090308099,-3.7798381572769166,-8.758343854269707,0.11271275247882429,9.900543212890625,0.0,24.800451128860004
14727872,-0.04781370106574023,0.0652581227591591,1.947935663700016,-3.81998098279249,-8.743924041052146,0.11066108368967065,9.900543212890625,0.0,24.800451128860004
14737846,-0.04580982345994489,0.0652568930844919,1.9425348900831354,-3.7820682476722816,-8.744970948592258,0.1022878552142199,9.900543212890625,0.0,24.800451128860004
14747823,-0.044696084428242244,0.0652578483542754,1.9434544869934633,-3.822701054783586,-8.729189893895967,0.11383428917233473,9.900543212890625,0.0,24.800451128860004
14757836,-0.04559376424603112,0.0655150097626731,1.9465911670903218,-3.7912675253993022,-8.761309428161795,0.1091383746338348,9.900543212890625,0.0,24.800451128860004
14767886,-0.046730251879579576,0.06463977943195531,1.9426724963981243,-3.800238420670162,-8.729979022048955,0.1228601698708296,9.900543212890625,0.0,24.800451128860004
14777975,-0.048022818490526475,0.0652057537778421,1.9436537267671383,-3.7999564368405565,-8.742706749556199,0.10922438548978874,9.900543212890625,0.0,24.800451128860004
14787965,-0.04552143495432981,0.0648819699235541,1.9384597725629158,-3.804696792172166,-8.730946267304237,0.11973478252162373,9.900543212890625,0.0,24.800451128860004
14798027,-0.04696948419578284,0.06585626967343527,1.9377257181198244,-3.823735425437068,-8.735631183540338,0.10731453165118587,9.900543212890625,0.0,24.800451128860004
14808271,-0.04690233171105307,0.0649014087879849,1.9384742904073562,-3.8012348237889846,-8.729296975745633,0.11579458455247682,9.900543212890625,0.0,24.800451128860004
14818284,-0.04839212806420301,0.06645806309718916,1.9372653093157783,-3.827606683210636,-8.743584800149364,0.11238540877246983,9.900543212890625,0.0,24.800451128860004
14828241,-0.047294917369708145,0.06614722947257556,1.9349147177147223,-3.8205073397783664,-8.737146629531946,0.11939258377973694,9.900543212890625,0.0,24.800451128860004
14838196,-0.04725623511405619,0.06521364244941852,1.9305382123038246,-3.834921533554695,-8.728717593177421,0.10518653268644229,9.900543212890625,0.0,24.800451128860004
14848154,-0.04510952453898209,0.06640486691925918,1.9293271794337112,-3.8294480224572673,-8.751084066878718,0.11536724845656998,9.900543212890625,0.0,24.800451128860004
14858149,-0.04575014126136834,0.06527214282305938,1.9318765664592954,-3.8325278285395896,-8.73702170179643,0.11713402222735603,9.900543212890625,0.0,24.800451128860004
14868309,-0.047420040759424964,0.06621957404218404,1.9267919988471585,-3.8214874100134324,-8.745070703942773,0.11894925898069708,9.900543212890625,0.0,24.800451128860004
14878270,-0.04504875319195856,0.06716092581994593,1.9287762918357858,-3.839043785893523,-8.754122451608026,0.10828813986594277,9.900543212890625,0.0,24.800451128860004
14888324,-0.04581725466247599,0.06535983493743047,1.924232139018332,-3.854808023650186,-8.765589487787391,0.11110324267914962,9.900543212890625,0.0,24.800451128860004
14898601,-0.04626094277746917,0.0652892205622142,1.9245106474488516,-3.858261718119074,-8.731044189826886,0.11546786903678452,9.900543212890625,0.0,24.800451128860004
14908618,-0.04654924368288249,0.06443238335033419,1.9236005533836096,-3.837365890090453,-8.74622432898229,0.10498567215992516,9.900543212890625,0.0,24.800451128860004
14918521,-0.04726282157918327,0.06487167101456559,1.9223248978253489,-3.856158692628213,-8.729496870473877,0.10480712833116712,9.900543212890625,0.0,24.800451128860004
14928482,-0.046822953149601165,0.06636651244037828,1.9210207583596848,-3.8538895892220637,-8.749081398298184,0.1218153731533782,9.900543212890625,0.0,24.800451128860004
14938501,-0.04499767561800683,0.06423385075234833,1.9181785117589971,-3.8467699332612675,-8.751985282145476,0.10087130470602723,9.900543212890625,0.0,24.800451128860004
14948479,-0.047932344412215944,0.06572735962445075,1.92004850906976,-3.861335202066549,-8.749381806700907,0.1117385025909261,9.900543212890625,0.0,24.800451128860004
14958490,-0.04654110027497538,0.06354996802232038,1.915246098603311,-3.8727037786529124,-8.74358919341351,0.10622052524957049,9.900543212890625,0.0,24.800451128860004
14968600,-0.046728643482959686,0.06470796846431259,1.9163715005668776,-3.8902230302363563,-8.740226060597617,0.11002146667837742,9.900543212890625,0.0,24.800451128860004
14978604,-0.04778217091400094,0.06555976729941149,1.9134404333561434,-3.847009886166447,-8.754187517591735,0.10038336370944556,9.900543212890625,0.0,24.800451128860004
14988821,-0.04562530098235662,0.0658313394269614,1.912747807290419,-3.88578455484992,-8.753354316873658,0.10579403342867799,9.900543212890625,0.0,24.800451128860004
14998868,-0.04884481800178975,0.06420602881583748,1.9114045376835032,-3.8798439830486835,-8.742812291734047,0.1039724297767286,9.900543212890625,0.0,24.800451128860004
15008825,-0.048270539670344004,0.06517703655383356,1.9113813850930361,-3.8733004184261617,-8.721339267194523,0.11687610123309433,9.900543212890625,0.0,24.800451128860004
15018786,-0.045805989196041175,0.06664776975667608,1.9099561221044707,-3.8609629090908797,-8.776166938344854,0.11425846900402803,9.900543212890625,0.0,24.800451128860004
15028775,-0.04478722297949167,0.06525264164754874,1.9070764801673228,-3.8817395621583834,-8.74814986140288,0.1072572209977043,9.900543212890625,0.0,24.800451128860004
15038939,-0.047403675519505306,0.06450319368419,1.9088662247045622,-3.9021422839452775,-8.755479241067533,0.11438793641559997,9.900543212890625,0.0,24.800451128860004
15048901,-0.04738278303533461,0.06461158884404217,1.9047020231362755,-3.8736803930985246,-8.749732519120872,0.10574262984968819,9.900543212890625,0.0,24.800451128860004
15058842,-0.04541442948219743,0.06885836657406497,1.9086454179725436,-3.8599714265573937,-8.759666723648671,0.10460603633072729,9.900543212890625,0.0,24.800451128860004
15068855,-0.0466459275769755,0.06362395307674507,1.9015318628396969,-3.8897200240080245,-8.75729664822547,0.10799038618937828,9.900543212890625,0.0,24.800451128860004
15079078,-0.0470896426363514,0.06562392236074732,1.9029082299821454,-3.8772345160283734,-8.764813588465689,0.10828727086822632,9.900543212890625,0.0,24.800451128860004
15089128,-0.048766100180874794,0.06506821593111178,1.8997215097634248,-3.890349140293381,-8.747250614350357,0.10907306950595341,9.900543212890625,0.0,24.800451128860004
15099089,-0.04832570036586237,0.0650369844258909,1.9002534547909589,-3.889366963038004,-8.754997377129921,0.12073396460377062,9.900543212890625,0.0,24.800451128860004
15109079,-0.046626957743940434,0.06358264375741052,1.899067455290231,-3.904020482623771,-8.782624677840264,0.1120140589077252,9.900543212890625,0.0,24.800451128860004
15119075,-0.0467983383824393,0.06436657335576257,1.8982958412205422,-3.9093840800796116,-8.752763767965313,0.09619834175115649,9.900543212890625,0.0,24.800451128860004
15129104,-0.047374230527308825,0.06393183912801015,1.8947136587508506,-3.899268144461555,-8.76535387828672,0.1168786205122121,9.900543212890625,0.0,24.800451128860004
15139224,-0.04756968602921763,0.0661833394021869,1.8970038996275749,-3.8919009977515095,-8.747533711099159,0.1048394550129057,9.900543212890625,0.0,24.800451128860004
15149164,-0.04643934557049478,0.06692755544325268,1.8918103822065122,-3.8806608668376974,-8.77124245272286,0.10845353032204308,9.900543212890625,0.0,24.800451128860004
15159157,-0.0468460957786343,0.06508907584926038,1.8917398129535439,-3.900805741236553,-8.766928341340346,0.10834789190131211,9.900543212890625,0.0,24.800451128860004
15169442,-0.04702360507770331,0.06418336702277805,1.8954275462309242,-3.9169322319631803,-8.763795009158919,0.11545437046351736,9.900543212890625,0.0,24.800451128860004
15179424,-0.04633912352029146,0.06610332881087899,1.8910832479468693,-3.925881556198913,-8.771034497118237,0.11094913483680635,9.900543212890625,0.0,24.800451128860004
15189431,-0.04732459875291095,0.06528685856533034,1.8869483204831399,-3.911114018502328,-8.753893754006803,0.11297602211204527,9.900543212890625,0.0,24.800451128860004
15199466,-0.04707499928332792,0.06569291849493064,1.8888398503705588,-3.9185992533174243,-8.747933578489683,0.1192496024958114,9.900543212890625,0.0,24.800451128860004
15209425,-0.0465816149655538,0.06673025306162184,1.8871041262620905,-3.898963144065526,-8.75644271794486,0.10975807564688012,9.900543212890625,0.0,24.800451128860004
15219442,-0.04815230742590426,0.06612102712929513,1.8847986653282192,-3.911275189082712,-8.757235549695949,0.10699636736211993,9.900543212890625,0.0,24.800451128860004
15229524,-0.0452391873639999,0.06481039434641889,1.88526282056202,-3.925728620131707,-8.770923505217592,0.11283792453823338,9.900543212890625,0.0,24.800451128860004
15239463,-0.048301934401857594,0.06397200513400425,1.8843477243596016,-3.924339814965222,-8.758876010965569,0.11165773301830306,9.900543212890625,0.0,24.800451128860004
15249478,-0.046458317141997885,0.0667685572592942,1.8821461966097797,-3.91641842163736,-8.76148995541693,0.10704309325841876,9.900543212890625,0.0,24.800451128860004
15259702,-0.047480480449496376,0.06490048348953992,1.8813847082476514,-3.942772384807931,-8.771649260341604,0.11886819762775502,9.900543212890625,0.0,24.800451128860004
15269737,-0.04684323805406576,0.06669515445454044,1.880634113867674,-3.92829545913877,-8.755710044619072,0.10493394219161978,9.900543212890625,0.0,24.800451128860004
15279717,-0.04635914658404827,0.06596989950527488,1.874456338519594,-3.9274883696255323,-8.788395200710784,0.10883348662736658,9.900543212890625,0.0,24.800451128860004
15289725,-0.04794780589975334,0.06514747595227366,1.876558516513156,-3.9384495889897764,-8.759678983051597,0.11082569026337019,9.900543212890625,0.0,24.800451128860004
15299702,-0.046637336633651216,0.06504252411959688,1.8728707784312402,-3.929680623397399,-8.778153416706395,0.11037548500748251,9.900543212890625,0.0,24.800451128860004
15309698,-0.04663881045542562,0.0663348050729653,1.8717459598410793,-3.9305298982942425,-8.781664308625349,0.10807838102559586,9.900543212890625,0.0,24.800451128860004
15319848,-0.048064176159388516,0.06605248829104515,1.86941888759391,-3.9401636782951925,-8.76811727807673,0.11687973052490008,9.900543212890625,0.0,24.800451128860004
15329795,-0.04892491339512084,0.06670007940677025,1.869256180519379,-3.9411830107735355,-8.770839598718027,0.11359117837349686,9.900543212890625,0.0,24.800451128860004
15339788,-0.04800980506069896,0.06536472955298644,1.8703738795743048,-3.9640214598247674,-8.77161882159341,0.11799695410917543,9.900543212890625,0.0,24.800451128860004
15350003,-0.04833875846408242,0.06591107135434693,1.8664005690608834,-3.9439173821017377,-8.766165346672725,0.11581281179371317,9.900543212890625,0.0,24.800451128860004
15360033,-0.04781827094133817,0.06623383433127317,1.8691035048768345,-3.9428756862814964,-8.759055795265787,0.10735259830052613,9.900543212890625,0.0,24.800451128860004
15370016,-0.047822362847811384,0.06707968308248113,1.8617545709957328,-3.971736092783246,-8.781206209599247,0.10748598714354785,9.900543212890625,0.0,24.800451128860004
15380013,-0.04866520416993536,0.06649720077410826,1.865077719863593,-3.947283957358927,-8.764266204179101,0.12541362910117293,9.900543212890625,0.0,24.800451128860004
15390030,-0.04691127630591296,0.06480152028042885,1.8608548010016612,-3.9584623333564792,-8.778811656544658,0.1115067724893617,9.900543212890625,0.0,24.800451128860004
15400043,-0.04792491558916767,0.06596959432710925,1.8634429216839283,-3.96506535890731,-8.779530748013745,0.11255612358215217,9.900543212890625,0.0,24.800451128860004
15410026,-0.04658836397305066,0.06633666985426134,1.8604565082397695,-3.962889250423199,-8.771965006074907,0.12378487362127721,9.900543212890625,0.0,24.800451128860004
15420145,-0.04706155293997316,0.06593228533081286,1.8597553507464992,-3.983928100655273,-8.775511796598419,0.11217652197491823,9.900543212890625,0.0,24.800451128860004
15430117,-0.047877507943995035,0.06674203314058968,1.8608768783798961,-3.957912543265408,-8.763259143178782,0.11197915450009965,9.900543212890625,0.0,24.800451128860004
15440455,-0.049036366474404236,0.06563731757919333,1.8588957216709954,-3.989295281438576,-8.758232615069858,0.10710239239421604,9.900543212890625,0.0,24.800451128860004
15450484,-0.04801921451497737,0.06680981234647843,1.8565466895999156,-3.961339387636368,-8.771894877918683,0.1149514682488455,9.900543212890625,0.0,24.800451128860004
15460452,-0.04927431517809566,0.06712921877685951,1.8580506777381531,-3.961420138132908,-8.761353831389997,0.10750628578539789,9.900543212890625,0.0,24.800451128860004
15470397,-0.04765114212356458,0.06589926087402787,1.8552334417865701,-3.983602481482688,-8.766857151785832,0.11381612311213196,9.900543212890625,0.0,24.800451128860004
15480355,-0.04879856421861728,0.06558989436410867,1.8515922208053022,-3.961048755448786,-8.76663023903297,0.12242455713707301,9.900543212890625,0.0,24.800451128860004
15490488,-0.048060252418442584,0.0665760891335927,1.853060070651388,-3.975091397140499,-8.78208702368681,0.11753108753363684,9.900543212890625,0.0,24.800451128860004
15500457,-0.04716889813486436,0.06586106348202114,1.8509163157155504,-3.976019209434874,-8.768563952280608,0.11141025791238413,9.900543212890625,0.0,24.800451128860004
15510393,-0.04814587725114006,0.06843870645790862,1.852228714425923,-3.973125907473456,-8.766546245807987,0.12276697981719131,9.900543212890625,0.0,24.800451128860004
15520406,-0.04934175993166834,0.06478301789733609,1.8529813512729953,-4.002662752716585,-8.76833075995814,0.1145262842590089,9.900543212890625,0.0,24.800451128860004
15530630,-0.048468255184888065,0.0667367467624882,1.8480515789693417,-3.9834508912732254,-8.774207188961729,0.11608887589832761,9.900543212890625,0.0,24.800451128860004
15540662,-0.048047137363626646,0.06678704927648438,1.8508105893068114,-3.988693964710727,-8.77587903294679,0.10668856071796995,9.900543212890625,0.0,24.800451128860004
15550644,-0.047836233467756895,0.06785914778012825,1.845383716924899,-3.9881096957284576,-8.785622850459369,0.12240054706167136,9.900543212890625,0.0,24.800422518630512
15560650,-0.04888671681746759,0.06525759727897151,1.8459724983238246,-3.992730073956757,-8.765810514298302,0.11757184817848731,9.900543212890625,0.0,24.800422518630512
15570608,-0.04913605128876819,0.0682838498941345,1.8475210279130287,-3.9859111319962643,-8.773847442505769,0.10823364107881517,9.900543212890625,0.0,24.800422518630512
15580654,-0.048619912168978985,0.06611891593841857,1.8450876179178994,-4.00094773167806,-8.765015369288104,0.11853843144031195,9.900543212890625,0.0,24.800422518630512
15590821,-0.04773007807895491,0.06655384390329977,1.8440023257389857,-3.998727928521504,-8.776075434474723,0.11578054475301869,9.900543212890625,0.0,24.800422518630512
15600827,-0.04952514085099047,0.06650217250075197,1.8394310904278246,-3.99320329665456,-8.762718066131029,0.11027776569936343,9.900543212890625,0.0,24.800422518630512
15610817,-0.04771835652276746,0.06689829742239817,1.8392667010376424,-3.991637207213543,-8.788558024685607,0.11373414586855013,9.900543212890625,0.0,24.800422518630512
15621166,-0.0498890846350033,0.06817444873021006,1.8391468267530495,-3.9893951514724577,-8.765836779134311,0.10665327981180539,9.900543212890625,0.0,24.800422518630512
15631151,-0.0484120714239773,0.06581795471215668,1.8394906960041641,-3.997924759404718,-8.776292808107812,0.11654951062431707,9.900543212890625,0.0,24.800422518630512
15641090,-0.048747935662492914,0.06596289348979512,1.8373066406051732,-3.9929714330071526,-8.783829260832555,0.11882432077261562,9.900543212890625,0.0,24.800422518630512
15650993,-0.04842028888024297,0.06632037835531901,1.8400242608828377,-4.00087504280037,-8.785095238198082,0.11010460901229457,9.900543212890625,0.0,24.800422518630512
15660953,-0.04625633712544941,0.06619223926270412,1.8394744167043084,-3.9978347987884817,-8.7879495016069,0.1202666988449348,9.900543212890625,0.0,24.800422518630512
15670934,-0.04926241983853208,0.06842464354607292,1.839654725678498,-3.986290100675575,-8.765883110049181,0.10524297532652405,9.900543212890625,0.0,24.800422518630512
15681073,-0.04799333026401609,0.06711296544152301,1.8344505342076074,-4.0006771633489855,-8.77358106358584,0.11943216017369984,9.900543212890625,0.0,24.800422518630512
15691077,-0.04989441409230144,0.06789877508062925,1.836046884154194,-3.994060488519853,-8.770281870601181,0.11818684621866815,9.900543212890625,0.0,24.800422518630512
15701107,-0.04830037442676627,0.06510237610363423,1.829340472752853,-4.01817557119853,-8.775237206474284,0.11204987553684909,9.900543212890625,0.0,24.800422518630512
15711366,-0.045478694391920094,0.06572289584689828,1.831035990508898,-4.0163002200802325,-8.795433060915357,0.10549495530976749,9.900543212890625,0.0,24.800422518630512
15721373,-0.04766913539469142,0.06628748805435403,1.8321262954684165,-4.013968371386287,-8.774291062260943,0.12140745593739766,9.900543212890625,0.0,24.800422518630512
15731312,-0.04844284075938088,0.06760689101302098,1.8321303749839508,-4.004444334405729,-8.779426348182298,0.1147295036134004,9.900543212890625,0.0,24.800422518630512
15741272,-0.049005532242058614,0.0662835726674087,1.831900239098128,-4.018114062928909,-8.766837357779817,0.1228913470956492,9.900543212890625,0.0,24.800422518630512
15751255,-0.04952096022911334,0.06777058395273095,1.8269339121391344,-4.010252762533515,-8.767797432235742,0.1136800696289626,9.900543212890625,0.0,24.800422518630512
15761232,-0.048839526797383126,0.06486274597315167,1.8260977915156822,-4.026898339045143,-8.771831880049632,0.10963897098885589,9.900543212890625,0.0,24.800422518630512
15771412,-0.05006044755659911,0.06865162145518733,1.825883116725489,-4.012734882949061,-8.763076204406957,0.11733860224335224,9.900543212890625,0.0,24.800422518630512
15781376,-0.04746651806905833,0.06654851613404267,1.8243855063991816,-4.0244301367214845,-8.781258883687034,0.11828546803785578,9.900543212890625,0.0,24.800422518630512
15791385,-0.04812929642088637,0.06831603589256319,1.824018478200128,-4.015311559838164,-8.78099978695322,0.11471290952834146,9.900543212890625,0.0,24.800422518630512
15801652,-0.0480455590465656,0.06708913466662203,1.8243053211738172,-4.019151193038155,-8.7793660442175,0.1203402806352063,9.900543212890625,0.0,24.800422518630512
15811701,-0.048718529257549825,0.06536878580956729,1.821640349693122,-4.035744519541051,-8.779400435069764,0.1162298496405132,9.900543212890625,0.0,24.800422518630512
15821642,-0.04807345584563816,0.06696874053289203,1.8222280146431835,-4.018198178239565,-8.779364748615816,0.11530969378086553,9.900543212890625,0.0,24.800422518630512
15831600,-0.04810969485908689,0.06830177703827611,1.8206632451547682,-4.023388858245383,-8.802345134516656,0.11703389342665638,9.900543212890625,0.0,24.800422518630512
15841564,-0.04842305339380992,0.06595998270131642,1.8204743309351068,-4.033754073936418,-8.778461204142872,0.11554223188839785,9.900543212890625,0.0,24.800422518630512
15851559,-0.04881658176124004,0.0661331281455424,1.8183004105776739,-4.036275231217989,-8.769321024186688,0.11940320462921328,9.900543212890625,0.0,24.800422518630512
15861588,-0.05010062603548082,0.06585040446786228,1.8151520555097802,-4.0526538238956995,-8.769345289081112,0.1140081060984901,9.900543212890625,0.0,24.800422518630512
15871710,-0.047407493290752,0.06689069321958407,1.8154589895910958,-4.041291091487796,-8.787858899952994,0.10677536581056124,9.900543212890625,0.0,24.800422518630512
15881679,-0.047026385369970836,0.06657627953068412,1.814364948796361,-4.039427091598874,-8.78401818111871,0.11108338530010364,9.900543212890625,0.0,24.800422518630512
15891963,-0.0504326374661912,0.06720928233131818,1.8137645675435667,-4.046511758976205,-8.768196583153458,0.11303916349828036,9.900543212890625,0.0,24.800422518630512
15902007,-0.047299447831883334,0.06656453767686199,1.8123763048372883,-4.046689962646152,-8.78710294298228,0.1190116709408997,9.900543212890625,0.0,24.800422518630512
15911945,-0.04950117391094544,0.06739192331364396,1.8138327128771143,-4.039178238393454,-8.773071911735162,0.11589466879034482,9.900543212890625,0.0,24.800422518630512
15921898,-0.04980068421266859,0.06730039238103713,1.8105442558851372,-4.047501141588906,-8.780591822620224,0.11376068843452991,9.900543212890625,0.0,24.800422518630512
15931863,-0.048499324755444384,0.0676455284590185,1.806791202421981,-4.059645295107149,-8.778480885294641,0.10718785754353632,9.900543212890625,0.0,24.800422518630512
15941889,-0.04923090886540571,0.06772153534368641,1.8126583759239603,-4.056144659567689,-8.788016284978283,0.10878009958348223,9.900543212890625,0.0,24.800422518630512
15952012,-0.049389422367512203,0.06643452171973929,1.8090302776185432,-4.062090651826338,-8.771111550898556,0.10944570445693991,9.900543212890625,0.0,24.800422518630512
15961951,-0.048294528105705226,0.06767569954015307,1.8057173831459146,-4.047525249597655,-8.790772892280373,0.13067666727371297,9.900543212890625,0.0,24.800422518630512
15971965,-0.04893988182112441,0.06878960173502602,1.8074392694026233,-4.055317940494785,-8.770616716479061,0.11731306976005307,9.900543212890625,0.0,24.800422518630512
15982317,-0.048892752925008054,0.06884756182147189,1.8067247192561071,-4.0465141148167305,-8.788162825237588,0.12147676211790959,9.900543212890625,0.0,24.800422518630512
15992341,-0.0494534219861027,0.06753985890694003,1.8046439222639057,-4.062490941840629,-8.787372404368373,0.1138367790717627,9.900543212890625,0.0,24.800422518630512
16002321,-0.05170272099368223,0.06661179725394639,1.8035548260277787,-4.092595946533155,-8.77171917980705,0.11485684627926851,9.900543212890625,0.0,24.800422518630512
16012245,-0.04884209876708567,0.06754170502266899,1.800192627567398,-4.075631080122079,-8.797312728453843,0.11107858908490442,9.900543212890625,0.0,24.800422518630512
16022206,-0.04945019895419378,0.06804040181539972,1.803945579927043,-4.069022854654268,-8.777561761700216,0.11234022040821579,9.900543212890625,0.0,24.800422518630512
16032221,-0.04839188137896233,0.06757305169752814,1.8025477180618514,-4.075936685931772,-8.795916666920448,0.11238830680505352,9.900543212890625,0.0,24.800422518630512
16042323,-0.04784417124472462,0.0658487398096268,1.7991014354727701,-4.075619526931117,-8.793482375425441,0.12286495185940538,9.900543212890625,0.0,24.800422518630512
16052249,-0.048745949148460976,0.06764794272490793,1.801604206839456,-4.076451650162852,-8.792886698216684,0.11981114804862791,9.900543212890625,0.0,24.800422518630512
16062260,-0.050305586247592515,0.06767223599448857,1.8007892652970563,-4.077325187723567,-8.781765470675087,0.10783200798124248,9.900543212890625,0.0,24.800422518630512
16072485,-0.05060347575746382,0.06930567796907394,1.7983095351699472,-4.067077346975296,-8.761923732325997,0.11653255554274544,9.900543212890625,0.0,24.800422518630512
16082531,-0.049749274897202156,0.0679549384965843,1.7988495956854065,-4.072930387765233,-8.790057756508922,0.11412341463713993,9.900543212890625,0.0,24.800422518630512
16092513,-0.048133877456634444,0.06715403911007578,1.798701359678451,-4.082390254423121,-8.789162045370862,0.12115732356073394,9.900543212890625,0.0,24.800422518630512
16102501,-0.04777167777061386,0.06751267600484234,1.7964758800952891,-4.0645772145111145,-8.797232502918842,0.11287731018565417,9.900543212890625,0.0,24.800422518630512
16112493,-0.049932603262662134,0.06681420266406635,1.7947144965667103,-4.09342977273559,-8.792339604722336,0.11768148946790014,9.900543212890625,0.0,24.800422518630512
16122466,-0.05013768854565814,0.06712192084566748,1.7943545499036002,-4.08048087347365,-8.77460493494425,0.11503466392285056,9.900543212890625,0.0,24.800422518630512
16132651,-0.04787976925924342,0.0676192478022728,1.795304163189754,-4.088381533281282,-8.787962058834736,0.12031301848791287,9.900543212890625,0.0,24.800422518630512
16142616,-0.05056683375731019,0.06736244219707355,1.7926905806795332,-4.07432301949164,-8.773806207172203,0.11754691612822832,9.900543212890625,0.0,24.800422518630512
16152607,-0.048718392528070975,0.06672329042532499,1.7943779996794005,-4.0941659393944505,-8.77474308868278,0.13012028344063786,9.900543212890625,0.0,24.800422518630512
16162782,-0.05089411639884034,0.06672265110232001,1.7912223894848678,-4.083180084373723,-8.781242762834431,0.13346156518451835,9.900543212890625,0.0,24.800422518630512
16172830,-0.050052868959306274,0.0682780984875937,1.788715130131357,-4.074673858081216,-8.789830243896695,0.12368765425350503,9.900543212890625,0.0,24.800422518630512
16182807,-0.048433938192724124,0.0678627821893436,1.7886572066657065,-4.078351142065358,-8.780811522904415,0.11811202386176056,9.900543212890625,0.0,24.800422518630512
16192805,-0.0490794452571115,0.06956477215311563,1.7919522644511332,-4.06529163853013,-8.776431894477422,0.11714651245892682,9.900543212890625,0.0,24.800422518630512
16202831,-0.049550711839942974,0.06907277520895061,1.7890431646119067,-4.055742459730432,-8.78284006172106,0.11799600618347483,9.900543212890625,0.0,24.800422518630512
16212799,-0.048277884720265174,0.06689275423351737,1.7864966901635757,-4.090056423733724,-8.791889543395342,0.12101275628905661,9.900543212890625,0.0,24.800422518630512
16222828,-0.048698686163424654,0.06753893592475002,1.7877097767786134,-4.081615737054147,-8.792993220061586,0.12034820507006572,9.900543212890625,0.0,24.800422518630512
16232944,-0.04994991346552835,0.06736709830349352,1.786261966014374,-4.094448502328341,-8.77732747282155,0.12151966550285032,9.900543212890625,0.0,24.800422518630512
16242934,-0.04769081352963944,0.0678292341487301,1.7839370331410134,-4.096749893441853,-8.80548970595904,0.11658201670108248,9.900543212890625,0.0,24.800422518630512
16253257,-0.047947712246029894,0.06781852834004942,1.7804362387412418,-4.098854764803615,-8.793917036658225,0.11591787119295383,9.900543212890625,0.0,24.800422518630512
16263259,-0.0504008727355294,0.06923261852096796,1.7805934730732824,-4.091428353061417,-8.785834859944732,0.1148384410851051,9.900543212890625,0.0,24.800422518630512
16273195,-0.04857407509803657,0.0673182968765127,1.7810295546433705,-4.100880766247329,-8.79191598374561,0.12389520050827407,9.900543212890625,0.0,24.800422518630512
16283152,-0.04960282971113816,0.06800031857833311,1.7826626203337312,-4.106038703423515,-8.778715284329355,0.12160444792076852,9.900543212890625,0.0,24.800422518630512
16293138,-0.04891398236721667,0.06722650535222141,1.7799710854803408,-4.115253148553414,-8.782454385467918,0.11140918952766832,9.900543212890625,0.0,24.800422518630512
16303278,-0.049570499304532056,0.06657322296079271,1.7815252964029096,-4.1116409310496955,-8.782162555498331,0.11186347235951466,9.900543212890625,0.0,24.800422518630512
16313239,-0.04843533985376247,0.06929601997371737,1.7816310887179156,-4.0922892388933505,-8.79242221229136,0.12586936628986045,9.900543212890625,0.0,24.800422518630512
16323206,-0.0489062966495748,0.06817629637960376,1.7780910580348612,-4.094020914787386,-8.77556103276179,0.12696164161320667,9.900543212890625,0.0,24.800422518630512
16333206,-0.04779205266952413,0.06885877652760608,1.7774036378589644,-4.101173964827176,-8.817207067951411,0.11695209493253422,9.900543212890625,0.0,24.800422518630512
16343410,-0.04976744898438357,0.06788482149001251,1.7719965406486766,-4.127823185474682,-8.794083869254145,0.12163140189055355,9.900543212890625,0.0,24.800422518630512
16353456,-0.0488960761080679,0.06916788406292018,1.7732270640994434,-4.116982482988664,-8.806956161426978,0.11612170836245461,9.900543212890625,0.0,24.800422518630512
16363431,-0.04928040275379875,0.0675034164383641,1.7736083103520066,-4.11084367323916,-8.791947595820282,0.11206481108907518,9.900543212890625,0.0,24.800422518630512
16373428,-0.05000659706503052,0.07090121090073187,1.7761234554737442,-4.10422387254637,-8.795374032427816,0.11363240157674781,9.900543212890625,0.0,24.800422518630512
16383423,-0.049938788041769655,0.06798011837368834,1.7739407671892833,-4.1260229997372875,-8.78516367187612,0.1122413262013513,9.900543212890625,0.0,24.800422518630512
16393481,-0.04886285101592458,0.06845849651057323,1.7705046795498953,-4.124208367621414,-8.809342151917072,0.11658714732449482,9.900543212890625,0.0,24.800422518630512
16403687,-0.048612897614984885,0.068825115683675,1.7710476758836213,-4.122530155536165,-8.787161117718966,0.11549958886459244,9.900543212890625,0.0,24.800422518630512
16413645,-0.04789578386664317,0.0667657693844852,1.7703923348996984,-4.147558640199993,-8.801251080290307,0.11558576006280141,9.900543212890625,0.0,24.800422518630512
16423637,-0.05113646837666508,0.06807079756569157,1.771536923015156,-4.130383454280384,-8.797102716968059,0.12615456654880042,9.900543212890625,0.0,24.800422518630512
16433970,-0.05051954826414473,0.06789108513336672,1.7687539829889323,-4.1213549491346235,-8.783385232713968,0.11175045271117234,9.900543212890625,0.0,24.800422518630512
16443962,-0.048553266841619536,0.06781605172898653,1.7653265296328442,-4.13536143086564,-8.807156254221354,0.12092833074483877,9.900543212890625,0.0,24.800422518630512
16453954,-0.048853797259926335,0.0675024717522601,1.7640266956816433,-4.129296326565573,-8.812408868050355,0.11682934241151344,9.900543212890625,0.0,24.800422518630512
16463879,-0.049813961954563,0.0670223467996347,1.7660273212165016,-4.141589516449383,-8.785352485173796,0.11646522448662644,9.900543212890625,0.0,24.800422518630512
16473784,-0.05107645760983104,0.06619640714678954,1.7626815965677434,-4.154007807716237,-8.779821973703953,0.11492690953638274,9.900543212890625,0.0,24.800422518630512
16483774,-0.05073816856890856,0.06488431830273966,1.7635052078672313,-4.168640133037698,-8.794521790884815,0.11278045042453222,9.900543212890625,0.0,24.800422518630512
16493864,-0.050248642161040635,0.07014977223189578,1.7646350547540752,-4.1266600263069435,-8.77781577873953,0.11469496767235654,9.900543212890625,0.0,24.800422518630512
16503834,-0.047489406710862436,0.06769897130247227,1.7646650472525138,-4.151454609416092,-8.814322934965492,0.12189123896528109,9.900543212890625,0.0,24.800422518630512
16513946,-0.04893198989793568,0.06694743875686116,1.7611849956403303,-4.143690196842517,-8.804855991365017,0.11701070521812795,9.900543212890625,0.0,24.800422518630512
16524267,-0.05065596031978625,0.06953934788363081,1.7606986744599613,-4.152944465174805,-8.777538072031518,0.11391127842782112,9.900543212890625,0.0,24.800422518630512
16534294,-0.04981074327990331,0.06784414724662935,1.7593876015949252,-4.154821180722045,-8.791973120676133,0.10934619313508165,9.900543212890625,0.0,24.800422518630512
16544230,-0.050511742509900426,0.06824290156301172,1.7620170368370793,-4.15361679730978,-8.781363079805079,0.1102827122582859,9.900543212890625,0.0,24.800422518630512
16554189,-0.04973310914099116,0.06771478581847634,1.7575389544484583,-4.158887742882506,-8.79719189683922,0.11300421278161821,9.900543212890625,0.0,24.800422518630512
16564140,-0.048419023098944525,0.06818511542733763,1.761963578928449,-4.157876012813265,-8.790169871206434,0.12148534620765616,9.900543212890625,0.0,24.800422518630512
16574115,-0.04941700290575568,0.0678609870497513,1.756704477907606,-4.158103953121717,-8.783795418624731,0.11011358246374847,9.900543212890625,0.0,24.800422518630512
16584297,-0.04965264048069651,0.06825452751431649,1.757967049552911,-4.157516969448444,-8.783304627078628,0.12113288806702904,9.900543212890625,0.0,24.800422518630512
16594352,-0.05117979167371933,0.0680481486428719,1.7585572432683225,-4.157940299297998,-8.780409224661366,0.11754472426747853,9.900543212890625,0.0,24.800422518630512
16604400,-0.0504765933875726,0.06876456853214674,1.754914406555109,-4.157738256195891,-8.773139996805341,0.1118935431018091,9.900543212890625,0.0,24.800422518630512
16614661,-0.05151644250690879,0.06874624498674664,1.7573674511562114,-4.153858421713544,-8.773779394398112,0.12569432642197143,9.900543212890625,0.0,24.800422518630512
16624707,-0.05115981405734926,0.0686647805297933,1.7555338995252745,-4.153692783746521,-8.78511569918685,0.11658705607155184,9.900543212890625,0.0,24.800422518630512
16634682,-0.048644839988499555,0.06832757383065302,1.7529348615317613,-4.164663693249949,-8.79013294960179,0.12596300270793925,9.900543212890625,0.0,24.800422518630512
16644678,-0.04829814428403889,0.06803562765248161,1.7549286759165676,-4.157023967790302,-8.788329312442396,0.1170630733794713,9.900543212890625,0.0,24.800422518630512
16654676,-0.05079214738085769,0.06853138664810055,1.7517776164800862,-4.178022257590094,-8.77719373210751,0.12596774748222828,9.900543212890625,0.0,24.800422518630512
16664815,-0.050004209078251094,0.06835883800093101,1.7550154124554629,-4.183076466593629,-8.778353817818022,0.10985210985418448,9.900543212890625,0.0,24.800422518630512
16674789,-0.05052499684035672,0.06771236672690173,1.749730036834051,-4.1762740204660815,-8.79570143302523,0.11215019140506222,9.900543212890625,0.0,24.800422518630512
16684724,-0.04834480277031572,0.06928642419517073,1.750212357479036,-4.169441587512637,-8.793068403013052,0.126284060358703,9.900543212890625,0.0,24.800422518630512
16694770,-0.048735682633518795,0.07032843828797386,1.7498925172272326,-4.166959428183734,-8.78782965138868,0.10559187375321777,9.900543212890625,0.0,24.800422518630512
16705093,-0.0501939320491247,0.06817327333489431,1.750067428652775,-4.173106983227562,-8.786114659323172,0.11757958082711362,9.900543212890625,0.0,24.800422518630512
16715143,-0.05028000463053495,0.06896998966388446,1.7492047558703279,-4.175659357461182,-8.786150767447058,0.12425343676634171,9.900543212890625,0.0,24.800422518630512
16725080,-0.049787635041772305,0.06824428137371363,1.7487539956115015,-4.178453510542941,-8.797869473382608,0.12454382659530339,9.900543212890625,0.0,24.800422518630512
16735040,-0.04917419020280134,0.06845332029741269,1.7486075532128291,-4.191291271581608,-8.797289941869678,0.11935833172772092,9.900543212890625,0.0,24.800422518630512
16745008,-0.0489649817964426,0.06878349353814528,1.7472357498782687,-4.175693301136331,-8.784940157499683,0.11953462295373996,9.900543212890625,0.0,24.800422518630512
16755168,-0.04915448502018993,0.06839625914840042,1.7465117281574951,-4.207151018955798,-8.783284297297527,0.124261358896959,9.900543212890625,0.0,24.800422518630512
16765131,-0.05012903455346729,0.06994177327785667,1.7463354483390976,-4.18122660694193,-8.78324221401498,0.11211463871683947,9.900543212890625,0.0,24.800422518630512
16775049,-0.050487401759325756,0.06681564337253576,1.7441752740958343,-4.190856409074218,-8.79205543914944,0.1242160918429498,9.900543212890625,0.0,24.800422518630512
16785076,-0.05081603604972251,0.06933623642958753,1.7443662904746091,-4.2002080679780285,-8.794667626408192,0.11679214130200499,9.900543212890625,0.0,24.800422518630512
16795427,-0.049373123683481346,0.06801610931012814,1.740376727735959,-4.200491340811588,-8.787434276733102,0.12067400159370045,9.900543212890625,0.0,24.800422518630512
16805373,-0.049686175937651456,0.06891321727775068,1.7403684743779158,-4.195866909687368,-8.786615161849262,0.1269610656041653,9.900543212890625,0.0,24.800422518630512
16815330,-0.04929903267457991,0.06923656801505085,1.7412653921497805,-4.177185842687059,-8.789759956321944,0.1227395831221525,9.900543212890625,0.0,24.800422518630512
16825305,-0.049703842847495405,0.06978125131838064,1.739920304384455,-4.205980855310116,-8.789814500840905,0.12036504983164242,9.900543212890625,0.0,24.800422518630512
16835301,-0.0495953216378382,0.06922060544332487,1.7394357903431557,-4.209930579874385,-8.807789656166957,0.12175473510289336,9.900543212890625,0.0,24.800422518630512
16845334,-0.051266572809517186,0.06985353665020333,1.737514692473896,-4.200596910482233,-8.788955308789166,0.11136900058541421,9.900543212890625,0.0,24.800422518630512
16855445,-0.04961763775363526,0.06887642098458513,1.7385029483926857,-4.198710024903544,-8.794598605547325,0.12135819408519133,9.900543212890625,0.0,24.800422518630512
16865413,-0.049073293579667165,0.06782851541634716,1.7392181924249606,-4.211153387071086,-8.804198601813173,0.12131240022454293,9.900543212890625,0.0,24.800422518630512
16875393,-0.04744950592577357,0.06948278578173395,1.735344153508433,-4.211755044917577,-8.802327240601635,0.13357117122489903,9.900543212890625,0.0,24.800422518630512
16885611,-0.04968762406766336,0.06836958091797318,1.7394513536087244,-4.214385850895027,-8.802918003953323,0.1256590991776978,9.900543212890625,0.0,24.800422518630512
16895737,-0.05028086522653652,0.06744524943318231,1.735539960128702,-4.214520241819287,-8.798742827113273,0.11821995283562714,9.900543212890625,0.0,24.800422518630512
16905706,-0.04862480250075407,0.06948170900579553,1.7341580191137274,-4.213723125332184,-8.803065892467352,0.1127462155691159,9.900543212890625,0.0,24.800422518630512
16915671,-0.05179671120136886,0.06912472291551541,1.7352769173078988,-4.22104187404215,-8.776535898932668,0.1110810105668758,9.900543212890625,0.0,24.800422518630512
16925629,-0.050620471012144286,0.0666362325236578,1.733649846235477,-4.228612790088391,-8.79211085059077,0.1255211039812476,9.900543212890625,0.0,24.800422518630512
16935614,-0.05005451268389738,0.06909541496362581,1.7366366529232637,-4.2294006940182705,-8.78002963615835,0.129164812492915,9.900543212890625,0.0,24.800422518630512
16945748,-0.04896297743201172,0.0681964698648827,1.7349063843848924,-4.229807251696624,-8.801079818652575,0.11980046065311889,9.900543212890625,0.0,24.800422518630512
16955679,-0.04977797102704562,0.06819701493283747,1.7321233284144295,-4.235028731543139,-8.786900468120052,0.12040117556312957,9.900543212890625,0.0,24.800422518630512
16965689,-0.0503498300673062,0.06856486120849903,1.7326853296184543,-4.217817384378463,-8.78912398667634,0.11979479910880286,9.900543212890625,0.0,24.800422518630512
16975939,-0.05013113706350225,0.06924135158117917,1.732334492883422,-4.217465160309189,-8.79495050220654,0.11725439882669342,9.900543212890625,0.0,24.800422518630512
16985993,-0.049563522316812936,0.06750809382367895,1.7343273694188523,-4.219964775452798,-8.792580576969538,0.11467812016110734,9.900543212890625,0.0,24.800422518630512
16995994,-0.0495704358594109,0.06820430534116939,1.7298256112035366,-4.2200615307240135,-8.799247217730585,0.1224665994621077,9.900543212890625,0.0,24.800422518630512
17005949,-0.04902828221484956,0.06837156574947789,1.730438300430868,-4.232044091923996,-8.788082144881713,0.12476914724828525,9.900543212890625,0.0,24.800422518630512
17015943,-0.0478517661069322,0.06866183157186989,1.7277564308859787,-4.226662691844215,-8.796987056384832,0.1234227628620328,9.900543212890625,0.0,24.800422518630512
17025929,-0.05061585258975576,0.06730506240610046,1.7286138459096483,-4.229810249787377,-8.79032131885037,0.1264542993408071,9.900543212890625,0.0,24.800422518630512
17036074,-0.04949945955619128,0.06783778419273001,1.7268716344039712,-4.230006268273275,-8.788805551974999,0.11495022406799471,9.900543212890625,0.0,24.800422518630512
17046053,-0.04987320589736033,0.06893156145205759,1.7293884882679773,-4.221687459228427,-8.779358088633046,0.12169872917557001,9.900543212890625,0.0,24.800422518630512
17056022,-0.0504824473646277,0.07005163329161745,1.7265989710582055,-4.21468282097489,-8.787731085217747,0.11557875462062661,9.900543212890625,0.0,24.800422518630512
17066240,-0.04850118288114569,0.06979110202010785,1.7272949532612047,-4.2397079213185975,-8.792078099019378,0.11934690937015979,9.900543212890625,0.0,24.800422518630512
17076261,-0.05097018096342598,0.06861397733205954,1.7262715361335692,-4.239586247984594,-8.784975744691572,0.1208490258457342,9.900543212890625,0.0,24.800422518630512
17086285,-0.05116435865610791,0.06780157950017629,1.7272519858814412,-4.24064857158076,-8.772921094467492,0.1103725739058472,9.900543212890625,0.0,24.800422518630512
17096246,-0.05058695220410758,0.06849562972953582,1.726222235378195,-4.238488964915149,-8.788073824588285,0.1268088909872791,9.900543212890625,0.0,24.800422518630512
17106240,-0.05176887106746353,0.0679984109022469,1.7273721948950742,-4.241498376299294,-8.788166192167104,0.12225250125385756,9.900543212890625,0.0,24.800422518630512
17116238,-0.049387489869742396,0.06950592371942488,1.7249606787297695,-4.235510994277725,-8.788008226956503,0.1147626231874348,9.900543212890625,0.0,24.800422518630512
17126255,-0.048583968361764374,0.06992895633300789,1.7249455863349326,-4.228078332704769,-8.807962460658477,0.1249075539770157,9.900543212890625,0.0,24.800422518630512
17136370,-0.048117449767737686,0.0683580351851325,1.7204819109405394,-4.2373973739153,-8.7991455514168,0.1141423394866834,9.900543212890625,0.0,24.800422518630512
17146368,-0.04925345803290515,0.06955297060178611,1.7205568706442982,-4.24262208221225,-8.80733314768844,0.12568000334603724,9.900543212890625,0.0,24.800422518630512
17156541,-0.050384303929953855,0.06758107922276513,1.7198086459540027,-4.252000882487614,-8.787961742304041,0.1208584737412064,9.900543212890625,0.0,24.800422518630512
17166560,-0.050764381142257786,0.06963925470294474,1.7203722407577011,-4.233149483105521,-8.787281767415628,0.12308387763319573,9.900543212890625,0.0,24.800422518630512
17176548,-0.0499958687672013,0.06825101355722185,1.7214123771108873,-4.244244111276881,-8.79073517626055,0.1178761028552966,9.900543212890625,0.0,24.800422518630512
17186579,-0.051107977271675153,0.0690339759629035,1.7190389318336736,-4.234173799525223,-8.787337321696057,0.11206526036361097,9.900543212890625,0.0,24.800422518630512
17196583,-0.04857899917289554,0.06952923829618896,1.7188695066295203,-4.245780427216552,-8.794546733937864,0.12827923905502914,9.900543212890625,0.0,24.800422518630512
17206720,-0.04959550680950198,0.07083495960718067,1.7191027652105877,-4.2318497624571805,-8.794429041310178,0.12182524405131012,9.900543212890625,0.0,24.800422518630512
17216675,-0.050184022673665396,0.06815173681208897,1.7186511201427699,-4.252080004915424,-8.78961003174998,0.11387499328887074,9.900543212890625,0.0,24.800422518630512
17226651,-0.049006300096660294,0.06834481149785288,1.7137670700254297,-4.258899114816639,-8.80433152541131,0.1210913226134327,9.900543212890625,0.0,24.800422518630512
17236634,-0.05086208749070664,0.06828471068600206,1.7145245524687889,-4.264359882211519,-8.791321770098286,0.11854000677859489,9.900543212890625,0.0,24.800422518630512
17246994,-0.050673891440927044,0.07044979582931887,1.7160097825615486,-4.243632368307004,-8.793023715087024,0.12923516542319113,9.900543212890625,0.0,24.800422518630512
17257008,-0.050903120718597705,0.0691936840648395,1.716661480530929,-4.244891537715478,-8.788976058630869,0.11737302675834016,9.900543212890625,0.0,24.800422518630512
17266958,-0.052555652254222984,0.06978324629316157,1.7139221642355444,-4.248224735926815,-8.787886978427544,0.12423066652690906,9.900543212890625,0.0,24.800422518630512
17276909,-0.05023583208799298,0.06904632764602137,1.7146181007075123,-4.247103893065585,-8.797605852441269,0.11721943395605194,9.900543212890625,0.0,24.800422518630512
17286892,-0.05168227156251559,0.0680040306779186,1.7137799590289413,-4.258048957037758,-8.797743694192548,0.12283140639802603,9.900543212890625,0.0,24.800422518630512
17296899,-0.051194303071498304,0.07105468162104533,1.7114639954085655,-4.23845457818225,-8.790594749522509,0.12238778952643159,9.900543212890625,0.0,24.800422518630512
17307017,-0.05089950252473274,0.06816078953674087,1.711339954493809,-4.253934231413773,-8.80533551054113,0.11454945777231806,9.900543212890625,0.0,24.800422518630512
17316936,-0.049948614054470486,0.06889745847210316,1.711666600791962,-4.265822493525441,-8.790260607299654,0.1219879519438738,9.900543212890625,0.0,24.800422518630512
17326948,-0.05062947067126533,0.06759354243882054,1.7123389645472926,-4.259026964589953,-8.802060370324408,0.11964640397824411,9.900543212890625,0.0,24.800422518630512
17337172,-0.049585747334360164,0.06903165754566021,1.7144585216562263,-4.253152218203375,-8.802521238428135,0.12205674662684984,9.900543212890625,0.0,24.800422518630512
17347188,-0.050472006084917975,0.06770020132018306,1.7113683866767033,-4.263287631726584,-8.79755394282617,0.11076920459257344,9.900543212890625,0.0,24.800422518630512
17357176,-0.0499894553035487,0.07097187232403113,1.7081063927345914,-4.23547675314413,-8.800620382228125,0.13142948929326437,9.900543212890625,0.0,24.800422518630512
17367171,-0.04973152086719779,0.06837626874366798,1.711716684584749,-4.260568318480086,-8.801570041645245,0.12811239487802695,9.900543212890625,0.0,24.800422518630512
17377168,-0.050608663065283555,0.06734381334491113,1.7108077694860846,-4.288838053631636,-8.7967638482675,0.11814957625679767,9.900543212890625,0.0,24.800422518630512
17387204,-0.04974310236543378,0.06942751994870622,1.7094406948696825,-4.259402117528172,-8.816708717921976,0.11456422485418472,9.900543212890625,0.0,24.800422518630512
17397405,-0.05090696466892908,0.06693159209443289,1.7084542550925352,-4.271290189899972,-8.790305365136788,0.11767640981437388,9.900543212890625,0.0,24.800422518630512
17407391,-0.05057408192589774,0.069267606875133,1.712930122259949,-4.257360235276245,-8.795913088235636,0.11841014892296897,9.900543212890625,0.0,24.800422518630512
17417360,-0.0498955845414093,0.06912504792220919,1.7069194459072499,-4.267382489983888,-8.789742782664,0.12186755925886139,9.900543212890625,0.0,24.800422518630512
17427708,-0.04923086549013789,0.06847246863048562,1.7094026157415287,-4.2695192841662895,-8.800843604177985,0.1241357358171431,9.900543212890625,0.0,24.800422518630512
17437705,-0.049679054358898966,0.06946672239972274,1.7049634620193581,-4.272548083203603,-8.800866949001477,0.12206372472287974,9.900543212890625,0.0,24.800422518630512
17447631,-0.05045173940926695,0.06776091559149378,1.7031746191228185,-4.277556218250545,-8.796718139786424,0.1222033257772761,9.900543212890625,0.0,24.800422518630512
17457624,-0.051614532926528955,0.06832717427756685,1.7049262329268835,-4.279872695368194,-8.801384107362033,0.12289363792855212,9.900543212890625,0.0,24.800422518630512
17467544,-0.051679489456712524,0.06994358045374982,1.7025023599630789,-4.273098501212466,-8.795990397706852,0.11899670374849869,9.900543212890625,0.0,24.800422518630512
17477495,-0.05076251671105503,0.06849417352901788,1.7024135186519294,-4.274222667108013,-8.796713901748436,0.11120907160429283,9.900543212890625,0.0,24.800422518630512
17487652,-0.05045922160118721,0.06981609593234972,1.70394114423208,-4.268602086195052,-8.797670000539576,0.11220960429333182,9.900543212890625,0.0,24.800422518630512
17497663,-0.05126257009178348,0.06920622138010346,1.7025624591221478,-4.2710707696287145,-8.802607960573212,0.10939954092053839,9.900543212890625,0.0,24.800422518630512
17507657,-0.04981669921532239,0.06913200267476949,1.7046745120472648,-4.269893500027674,-8.792123434891483,0.11792003197269452,9.900543212890625,0.0,24.800422518630512
17517996,-0.05259213749453373,0.07033423552198381,1.7014814433819998,-4.269699182828237,-8.785846136617884,0.11712350040378006,9.900543212890625,0.0,24.800422518630512
17527946,-0.052052089986353245,0.06803705133097249,1.7002430637233523,-4.282544352352005,-8.780796787441897,0.12172988520217842,9.900543212890625,0.0,24.800422518630512
17537888,-0.05184003659501579,0.0695634737055939,1.6993675012329046,-4.285031870322356,-8.79132738977291,0.11639156531682282,9.900543212890625,0.0,24.800422518630512
17547863,-0.051767885779439915,0.06900738410720608,1.6995654494909767,-4.273672650289964,-8.805811224478262,0.11592199980592177,9.900543212890625,0.0,24.800422518630512
17557824,-0.05205374182850031,0.06867972863899552,1.6982426162274749,-4.293759620516884,-8.781532224443183,0.1243668595351064,9.900543212890625,0.0,24.800422518630512
17567934,-0.05129859719291252,0.06938510071726567,1.700846259499845,-4.2787006672276355,-8.78885426808931,0.1226795325241774,9.900543212890625,0.0,24.800422518630512
17577884,-0.0494881557358795,0.06901849381664826,1.7008454876179817,-4.28311739119334,-8.805869501380403,0.12712119054531534,9.900543212890625,0.0,24.800422518630512
17587919,-0.05082323475986694,0.06972499994326431,1.698628240837567,-4.279031191324627,-8.787171638244097,0.1124962297165002,9.900543212890625,0.0,24.800422518630512
17597972,-0.05090812718704285,0.0686191583872402,1.6964922078630522,-4.286804202053123,-8.791366511418452,0.11710898960122762,9.900543212890625,0.0,24.800422518630512
17608203,-0.05139064786448966,0.07052581999363428,1.696940051055905,-4.2869258852305805,-8.795329098472823,0.12292308563111298,9.900543212890625,0.0,24.800422518630512
17618228,-0.050212652086316645,0.07007016622314266,1.694499870803785,-4.289264727054071,-8.789973242461457,0.12679306863998896,9.900543212890625,0.0,24.800422518630512
17628152,-0.05090913594901458,0.06972602341711509,1.6970233503958587,-4.279289669983239,-8.804554279978277,0.1195907805770613,9.900543212890625,0.0,24.800422518630512
17638113,-0.04917165401950374,0.06853466913322048,1.6946335630221485,-4.298300518834122,-8.805076427300353,0.12179838182037805,9.900543212890625,0.0,24.800422518630512
17648074,-0.05026986565738811,0.06883505539534629,1.6936842208530951,-4.287038142363151,-8.80742087274172,0.1265349520844392,9.900543212890625,0.0,24.800422518630512
17658252,-0.051806703718750846,0.06893985037153594,1.6945454224553886,-4.277814324503261,-8.784037116756519,0.1173050567632341,9.900543212890625,0.0,24.800422518630512
17668218,-0.04930019345670855,0.06926623101064977,1.6932293168102026,-4.269544629306477,-8.79796593338363,0.1157281967877406,9.900543212890625,0.0,24.800422518630512
17678158,-0.05293454490393312,0.07065667206278059,1.6924859890522255,-4.276481255911307,-8.786867581255812,0.11603460852364123,9.900543212890625,0.0,24.800422518630512
17688171,-0.05259645259842172,0.07076582403868459,1.6889162105542423,-4.293731587797257,-8.781696830361788,0.1193008009755605,9.900543212890625,0.0,24.800422518630512
17698422,-0.05136703395247366,0.06783696117388116,1.692469669534173,-4.3121571251272925,-8.795134414972292,0.11832915794266441,9.900543212890625,0.0,24.800422518630512
17708438,-0.049930771836786736,0.06984976683389421,1.6941347403002167,-4.295780100978057,-8.80528942548916,0.12355916179437187,9.900543212890625,0.0,24.800422518630512
17718412,-0.05034602808460509,0.06918310958961049,1.690657191028726,-4.305037810465969,-8.803122332430114,0.11596467154016743,9.900543212890625,0.0,24.800422518630512
17728406,-0.05042470774352514,0.06957856148123742,1.6882016035488254,-4.300858262383045,-8.80538131780401,0.11929859011009292,9.900543212890625,0.0,24.800422518630512
17738372,-0.05095614440858309,0.06876206726014655,1.6881307909354568,-4.309103906731458,-8.796778535487658,0.12927227636396843,9.900543212890625,0.0,24.800422518630512
17748419,-0.05165689968287879,0.06813429571243002,1.688303264715132,-4.296900856034885,-8.788273779615839,0.128279298440944,9.900543212890625,0.0,24.800422518630512
17758544,-0.05083481217011743,0.06898895775470937,1.6888511113813154,-4.291638368373256,-8.790215955373203,0.1167437762838226,9.900543212890625,0.0,24.800422518630512
17768484,-0.05058422251790695,0.06925824278345405,1.689251370949317,-4.2907329412012025,-8.803013307390437,0.1093786715402647,9.900543212890625,0.0,24.800422518630512
17778476,-0.05054156114801689,0.06868258349925305,1.6858709892034538,-4.306156521158961,-8.799524686772823,0.12529919205993245,9.900543212890625,0.0,24.800422518630512
17788806,-0.05039680081486653,0.06853422308934864,1.6855782549671279,-4.306934476259517,-8.81745455191188,0.1201823318100157,9.900543212890625,0.0,24.800422518630512
17798895,-0.04945828879371206,0.06918764689507007,1.6828528515813312,-4.301499498992097,-8.810913007806317,0.1228353841747154,9.900543212890625,0.0,24.800422518630512
17808851,-0.050963881324529225,0.06978055850051379,1.6855630362110583,-4.2947550392612825,-8.7847756333144,0.11734713504157845,9.900543212890625,0.0,24.800422518630512
17818772,-0.051377385909705975,0.06860401990374565,1.6837480664180413,-4.293753351092807,-8.795718794475725,0.11909417721772364,9.900543212890625,0.0,24.800422518630512
17828731,-0.052298325826226844,0.06836636405495966,1.6868814707332298,-4.305155766373737,-8.780212136101355,0.12526001607494308,9.900543212890625,0.0,24.800422518630512
17838760,-0.052072132107018554,0.06850561654722354,1.6833708679479553,-4.2902704683815145,-8.791616675527322,0.1144099927262392,9.900543212890625,0.0,24.800422518630512
17848857,-0.050034438737778686,0.068430592184477,1.6792939625545227,-4.317366099663488,-8.808612675026804,0.11912796373922419,9.900543212890625,0.0,24.800422518630512
17858785,-0.048985877233146624,0.0702724826926926,1.6833907504157537,-4.311438287871606,-8.813840738729319,0.12406349319165422,9.900543212890625,0.0,24.800422518630512
17868795,-0.050613405388295174,0.07045161771966169,1.6824164734546292,-4.293919307254722,-8.79408755997591,0.12403555454076987,9.900543212890625,0.0,24.800422518630512
17879020,-0.05085590184837541,0.06844452565886083,1.6833175563467293,-4.326259028479907,-8.79046008840621,0.10353180629007319,9.900543212890625,0.0,24.800422518630512
17889139,-0.05056737401843048,0.06920546636140013,1.6820113570302908,-4.306433056618289,-8.794321991187712,0.12005635642522883,9.900543212890625,0.0,24.800422518630512
17899079,-0.049628758994042066,0.06847609680306199,1.681097176393755,-4.3177609808586155,-8.79684545727864,0.12919540741193813,9.900543212890625,0.0,24.800422518630512
17909038,-0.05141504213273462,0.06877676040222891,1.6795393300385966,-4.309593055222198,-8.786102882704661,0.12373787768417976,9.900543212890625,0.0,24.800422518630512
17919000,-0.05038770794913061,0.06812829775532725,1.6813961484067335,-4.312928885579577,-8.789500370286039,0.12231603890979592,9.900543212890625,0.0,24.800422518630512
17928976,-0.05014223909169324,0.069699346526638,1.6812681776619707,-4.31213284288615,-8.80136385410443,0.13092054283507082,9.900543212890625,0.0,24.800422518630512
17939172,-0.05378709269761961,0.0693608917408437,1.6781882775992907,-4.3253439175619945,-8.781160216467981,0.12283104547001322,9.900543212890625,0.0,24.80039390840102
17949180,-0.04391529751658352,0.0746362255602333,1.6868072886586942,-4.386379084529501,-8.755514067677261,0.12956106682933743,9.900543212890625,0.0,24.799291460891254
17959365,-0.05503038828357987,0.07083062906630366,1.681849974934683,-4.321473505042121,-8.764871871284246,0.10629364098809724,9.900543212890625,0.0,24.797204821486957
17969987,-0.04949163293972525,0.06869935451757181,1.668222725724914,-4.375971861071331,-8.752329323181215,0.14084972362104686,9.900543212890625,0.0,24.793956606765278
17980272,-0.04957335913270633,0.06948465960606964,1.6748992944553498,-4.290271598526907,-8.813725501338247,0.133855404607802,9.900543212890625,0.0,24.78969368257094
17990780,-0.05427944465651979,0.0695496457361433,1.6624998425301172,-4.328964783248157,-8.752378528067766,0.11617268993921392,9.900543212890625,0.0,24.78412422456313
18001462,-0.04741908422812724,0.0713733286111804,1.6476316757110512,-4.328824330695049,-8.7915379943651,0.13862403696991343,9.900543212890625,0.0,24.777454226394184
18012131,-0.05045297696545692,0.0725310708662501,1.6411673013699435,-4.2709098551663445,-8.763137999028565,0.1307984880181028,9.900543212890625,0.0,24.769595950026996
18023024,-0.058687511311619645,0.08038920469600708,1.6325099036113553,-4.262413360252868,-8.698666407599006,0.16625406146179778,9.900543212890625,0.0,24.760431139846332
18034337,-0.053794890230594916,0.07293786268591895,1.6149414668533213,-4.353786126475185,-8.735525805335644,0.13015080579578786,9.900543212890625,0.0,24.749614565749653
18045584,-0.05327752930134455,0.07174866102036126,1.597615385372677,-4.336114269278607,-8.781712772469671,0.16524313387635914,9.900543212890625,0.0,24.737695544143207
18057093,-0.05640950230121522,0.06349519165437711,1.5781442965691177,-4.423314377372222,-8.744209926455174,0.06048118873555275,9.900543212890625,0.0,24.72406563081313
18069055,-0.04940559956580293,0.07085103277519367,1.5740470803168423,-4.3936712486261875,-8.723803012712153,0.09733369461834407,9.900543212890625,0.0,24.708551257033832
18080915,-0.05032661766171387,0.05687749293360844,1.533769199590945,-4.487872416804169,-8.799345835024862,0.08447578414436485,9.900543212890625,0.0,24.69173034944106
18093004,-0.05363419177740747,0.05984610078286412,1.5008251184666532,-4.538493927706217,-8.764312084096229,0.03821279362905727,9.900543212890625,0.0,24.673286288161762
18105297,-0.028427140084206215,0.07582309659257547,1.4699416085863115,-4.432427251757012,-8.88753118956998,0.11077025572240373,9.900543212890625,0.0,24.65298637666274
18117968,-0.04664000081747677,0.0681550748557973,1.4564681101841108,-4.371538992686602,-8.820438009629402,0.22249785497475294,9.900543212890625,0.0,24.630454867263325
18131256,-0.04684840645253585,0.09078256183963296,1.4451782627194012,-4.199013457382435,-8.749861276893618,0.046559650806822006,9.900543212890625,0.0,24.605340807815082
18144481,-0.05967223492979912,0.06074725713394602,1.4133044276406617,-4.353579359838669,-8.765789502867165,0.16118900435365546,9.900543212890625,0.0,24.57897934236098
18157616,-0.06377269478499814,0.07759050715789217,1.4000107292167847,-4.244023744729461,-8.837294933305682,0.17461851655408545,9.900543212890625,0.0,24.55302414216567
18171014,-0.05387535516112951,0.06628807122897373,1.3884530520332232,-4.389218790880772,-8.900586325293933,0.25471170173693203,9.900543212890625,0.0,24.526344149489887
18184646,-0.058015911883114946,0.07606637591645193,1.3610133654575058,-4.379449716384116,-8.88066282806605,0.20868980867847853,9.900543212890625,0.0,24.49940285005141
18198047,-0.0750889023196688,0.07292512064747503,1.3171189901877192,-4.384835192502209,-8.856501423285753,0.14401073318772184,9.900543212890625,0.0,24.47283920564223
18211270,-0.044371835117637204,0.08420044391751325,1.3055679177780455,-4.40448744571917,-8.935869239470364,0.17674538412153673,9.900543212890625,0.0,24.446536867995746
18224542,-0.0489751484650367,0.10172906643375801,1.304141330340058,-4.281132761812657,-8.979573590277138,0.12902365618273492,9.900543212890625,0.0,24.420146792312153
18238056,-0.0555180066925276,0.056210372860431956,1.2539289628160004,-4.617934853784291,-8.965894225960824,0.12025420002266785,9.900543212890625,0.0,24.39323410310317
18251056,-0.06414981968969036,0.08794405891351431,1.2461287811472275,-4.355759090779571,-8.97784110690952,0.17046938837922987,9.900543212890625,0.0,24.367278902907856
18264189,-0.05347243724882533,0.06564909719727918,1.2131045200113215,-4.58449562893756,-9.040648850483151,0.12796893729858105,9.900543212890625,0.0,24.341150133986957
18277311,-0.05392759139120473,0.09632542417019607,1.212099114841819,-4.361403587110189,-9.122041030658487,0.13962796917468268,9.900543212890625,0.0,24.31504997529555
18290671,-0.06282516673684047,0.06210772555120303,1.190429151752518,-4.686358885572631,-9.088250046159033,0.24108159291170494,9.900543212890625,0.0,24.28845772065688
18304063,-0.0435639746198051,0.06529088711351161,1.1519491278637952,-4.71169052400224,-9.100762435233147,0.08681505822583979,9.900543212890625,0.0,24.261777727981098
18317203,-0.058063706833421325,0.07326277234353173,1.1375223255477103,-4.7418371318489285,-8.997983788348144,0.12418667708240427,9.900543212890625,0.0,24.23567756928969
18330390,-0.07487755168676324,0.06930054733604263,1.129987936983258,-4.809696590912122,-8.821583501712983,0.08229435863614043,9.900543212890625,0.0,24.209461062331684
18344098,-0.05068163731634545,0.06372217181339868,1.069940567663462,-5.006352434142233,-9.01978736661226,0.013946066544798796,9.900543212890625,0.0,24.182201235671528
18357374,-0.05555155306160353,0.0822342870534214,1.0653375844203694,-4.9771254623202275,-9.04211616703898,0.10681858570866432,9.900543212890625,0.0,24.155811159987934
18370614,-0.05855936070680512,0.07069359715871548,1.0478966472647349,-5.142119976208285,-9.161671945276858,0.20268533446408732,9.900543212890625,0.0,24.12942108430434
18383716,-0.04717910145342241,0.07317105305977178,1.020805803687498,-5.149461459467037,-9.289499374412749,0.15931893445916323,9.900543212890625,0.0,24.10349449433852
18396989,-0.06709809656172894,0.06878891722165048,1.0148332120298598,-5.296249196982828,-9.036375319462422,0.1553976104635737,9.900543212890625,0.0,24.077192156692035
18410420,-0.06834105139583269,0.0770494372416286,0.9891671548556538,-5.306938860401733,-9.161895890980812,0.23051272187299965,9.900543212890625,0.0,24.050483553786762
18423571,-0.0634520346152776,0.0792325150783364,0.9620278754152372,-5.307613333616857,-9.146720013182463,0.13894178680315683,9.900543212890625,0.0,24.024412005324848
18436697,-0.07134587995827113,0.08659595984883639,0.9777326586402211,-5.38016782651037,-9.092325316456854,0.11647609996072639,9.900543212890625,0.0,23.99807915010024
18449933,-0.06909674276381583,0.09275252717465188,0.9219594865548624,-5.316475382431001,-9.123724724395576,0.11732134130656569,9.900543212890625,0.0,23.971980898757465
18463768,-0.059313872305452264,0.059021372815445394,0.9095139394844329,-5.533476043415959,-9.124257287108598,0.1638211088370536,9.900543212890625,0.0,23.94454559602309
18476958,-0.05093994408041169,0.07142612177677488,0.9121345069695277,-5.521503769207598,-9.217050501310826,0.20320709520421687,9.900543212890625,0.0,23.91841682710219
18490087,-0.03179835095912109,0.058890200855210795,0.8580420660216364,-5.617268707699779,-9.220735391414166,0.1072964145811639,9.900543212890625,0.0,23.892345278640278
18503200,-0.06784970125466527,0.09921194358959817,0.8833577967034287,-5.356251854175628,-9.072001743438097,0.14189758191317203,9.900543212890625,0.0,23.866361468215473
18516692,-0.07724290381759324,0.08230251226000518,0.8623235992615674,-5.419550706139503,-8.822472308016422,0.09680176990128864,9.900543212890625,0.0,23.839507906814106
18529949,-0.054286128224729335,0.05931230112828345,0.8238450119004401,-5.702008513415155,-9.14678935451925,0.06599557462744521,9.900543212890625,0.0,23.813030093093403
18543177,-0.0694570930835594,0.11196677935175581,0.8282551060121515,-5.36607023995429,-8.883329221416712,0.15957114722646715,9.900543212890625,0.0,23.78684410371352
18556407,-0.058217673839330075,0.058630819735378426,0.8154641831313088,-5.7694103348156816,-9.05864712984473,0.14514901977047323,9.900543212890625,0.0,23.760366289992817
18569718,-0.051490113340019406,0.0662501979406922,0.7572682469233136,-5.714919036896379,-9.060951188987943,0.1669659602784339,9.900543212890625,0.0,23.73403534211684
18583113,-0.05177910107552908,0.03231055381879244,0.7673104937283703,-5.99614392383382,-9.08619884837583,0.0783981198510535,9.900543212890625,0.0,23.707500307937153
18596381,-0.03141838940113706,0.062002316765562115,0.7245182995218791,-5.743398168465941,-9.17461166513801,0.15663552663497704,9.900543212890625,0.0,23.68113884248305
18609530,-0.06105029774665738,0.09223083974167756,0.7183929041968291,-5.539159428779783,-8.935386308631003,0.044110776281803155,9.900543212890625,0.0,23.65486511506606
18623223,-0.07297481011331053,0.07930020757086598,0.7278903778076922,-5.542584649114609,-9.017420695352559,0.20424198597334176,9.900543212890625,0.0,23.62757667817641
18636533,-0.07889901071667627,0.08581775350697352,0.6867045016411701,-5.440618681365255,-8.932506840033678,0.14701196065880318,9.900543212890625,0.0,23.60121521272231
18649859,-0.06671292678415686,0.070305615621433,0.6892043485512591,-5.633691340783237,-8.831455724783542,0.10689557963319096,9.900543212890625,0.0,23.5748823574977
18663064,-0.05425305910348843,0.07731110532775531,0.6674414348103106,-5.701951549161375,-9.04055369173944,0.18463778168305645,9.900543212890625,0.0,23.548667757888325
18676184,-0.06247292811065819,0.0848214224359396,0.6510142715534579,-5.5605141575244055,-8.977986450276674,0.1911777180010077,9.900543212890625,0.0,23.52259620942641
18689760,-0.06324438939392518,0.0697179632858933,0.6463383711753785,-5.846203320777267,-8.977705985129628,0.1904053762486555,9.900543212890625,0.0,23.495452731032856
18702915,-0.07613944624662317,0.0830745668715982,0.6345551323203003,-5.8858044390197115,-8.793939663374424,0.07895446895681246,9.900543212890625,0.0,23.469642489333637
18716161,-0.06822194580763519,0.05822145044736593,0.6034678423335409,-5.99617971554056,-8.952545410181287,0.12709953279889952,9.900543212890625,0.0,23.443281023879535
18729611,-0.05075120682656653,0.09117072723925124,0.5885039263051759,-5.849659467470648,-9.00199947943479,0.13053195485085212,9.900543212890625,0.0,23.416717379470356
18743055,-0.0908212657874814,0.0629193880201877,0.5767904317857333,-5.948343369819671,-8.902491679887923,0.12766231523632854,9.900543212890625,0.0,23.38986381806899
18756252,-0.05139942967176392,0.08233158932141982,0.5778291022571187,-5.805415518817011,-9.130238608031128,0.11408622397385493,9.900543212890625,0.0,23.36353096284438
18769484,-0.05785457427233354,0.09004715587817169,0.5480483457245677,-5.754024960845257,-9.10757878675923,0.12394067742638093,9.900543212890625,0.0,23.337430804152973
18783038,-0.07322039654016432,0.07772620934091523,0.5429462940498446,-5.83857967475474,-8.914553874127272,0.048660536970571044,9.900543212890625,0.0,23.31063446321059
18796306,-0.07583998005211257,0.08211786382325026,0.5241393604887286,-5.902280190700292,-8.902661680529121,0.014072247902378265,9.900543212890625,0.0,23.284419863601215
18809575,-0.06674909371018334,0.08211468472801209,0.5146603623788808,-5.987516441547573,-8.986924249167,0.2141349887492492,9.900543212890625,0.0,23.25814422883559
18822742,-0.07909782261460929,0.0815615626912567,0.5185521628036351,-6.020009572992471,-8.763237269976138,0.0831827122298634,9.900543212890625,0.0,23.2319868496852
18836325,-0.060879334573447075,0.08143317713275544,0.47235916531339317,-6.023831694286319,-8.915394960194678,0.14387751201480548,9.900543212890625,0.0,23.20492920198012
18849483,-0.06973589602112673,0.08829360122367769,0.4734914600162208,-5.996814259239137,-8.867153420996967,0.08684255835696852,9.900543212890625,0.0,23.17868408479262
18862676,-0.06433995781779211,0.05408789553619964,0.4478297162649785,-6.3051657701261306,-8.941907313470992,0.06233130189187541,9.900543212890625,0.0,23.15229591645766
18876277,-0.051888881945609366,0.08896036526389461,0.43712510044314,-6.075660891164244,-9.127240369445534,0.1076233098835484,9.900543212890625,0.0,23.12541183747817
18889725,-0.06699825910001911,0.09240981920130609,0.43248420840986146,-5.9118100590679035,-8.960921508813797,0.17211967740408873,9.900543212890625,0.0,23.098499148269184
18902773,-0.06774102714657726,0.07315970658883475,0.4199057892559477,-6.141279544757602,-9.114699964480998,0.17116506470337356,9.900543212890625,0.0,23.07283577241469
18915987,-0.06868215760946228,0.08007877679750308,0.400255022459179,-6.243613355809451,-9.065786509520262,0.14451395941138223,9.900543212890625,0.0,23.04670509614516
18929157,-0.05283455783486257,0.06615032045230307,0.39471399430260057,-6.48226027133018,-9.173045722176138,0.21757768876179995,9.900543212890625,0.0,23.02054771699477
18942583,-0.07830713341951245,0.0628552956185493,0.3673698257858309,-6.507285473461746,-9.12499230307445,0.2002632733092451,9.900543212890625,0.0,22.99389633454848
18955776,-0.06514342632234049,0.08538648123279224,0.3659255470760172,-6.3363622472554475,-9.087895033402152,0.08747902815714248,9.900543212890625,0.0,22.967710345168598
18969157,-0.06667617462187891,0.07613181267507363,0.36181139772184245,-6.544110573419335,-9.045700004456641,0.23145312095247128,9.900543212890625,0.0,22.941116183181293
18982794,-0.03945264728337472,0.06894392167285113,0.3322776785774533,-6.517895880418568,-9.260587583915743,0.1516348544847954,9.900543212890625,0.0,22.914234011550434
18996132,-0.03800652666389848,0.09261604038573834,0.3285002998790896,-6.451859948691876,-9.0462516475989,0.17026044175274713,9.900543212890625,0.0,22.887815325637348
19009141,-0.0783485830575219,0.09513195906892458,0.35015845534488577,-6.370557267998606,-8.76608366124481,0.1774972788454594,9.900543212890625,0.0,22.861860125442035
19022238,-0.050420531802474855,0.0877862231015416,0.3062534322284911,-6.520049104049654,-8.979288895258758,0.13817491799496118,9.900543212890625,0.0,22.836021273513325
19035401,-0.08382615643501179,0.11109526053212604,0.3279681349509218,-6.380821328019351,-8.724938000943066,0.17276870486982077,9.900543212890625,0.0,22.809978335280903
19048966,-0.08281871280163422,0.07031426101140736,0.30254458495162506,-6.575534389254003,-8.818765131685733,0.14006163582839015,9.900543212890625,0.0,22.783183901687153
19062183,-0.07895344263106496,0.05669998006187438,0.26576405450515583,-6.674635088374018,-8.852348686713427,0.057538035145922706,9.900543212890625,0.0,22.756908266921528
19075440,-0.053070020506083004,0.060323200788870546,0.2863804547668254,-6.691498431512414,-9.081740221787246,0.15165368342406893,9.900543212890625,0.0,22.730518191237934
19088743,-0.028022899368702614,0.05658076485671115,0.21884410151191158,-6.698429909381126,-9.132374180151228,0.15945787389747856,9.900543212890625,0.0,22.70421585359145
19102238,-0.05355023653685986,0.100368796337992,0.2426684189005197,-6.292885664806068,-9.002059419838787,0.08304747612818986,9.900543212890625,0.0,22.67753586091567
19115394,-0.0862346797230833,0.07857951428472965,0.24149256868451818,-6.3916308399663855,-8.842750441985729,0.12973488244056597,9.900543212890625,0.0,22.65140709199477
19128616,-0.08865135645329847,0.048729579186588934,0.22439793912455563,-6.460443053358496,-9.022267807451932,0.08457725832849583,9.900543212890625,0.0,22.625219195266254
19142203,-0.07577437672644782,0.081214786418081,0.2174509029257301,-6.294393847165701,-8.968169376758638,0.14169092628210755,9.900543212890625,0.0,22.5981920651393
19155227,-0.073683596297204,0.07445896319448986,0.2244040748947862,-6.28651860812813,-8.965518366732898,0.15794047194570204,9.900543212890625,0.0,22.57255539216567
19168208,-0.06757879545301115,0.07632002465970822,0.1926524685201798,-6.327955348320753,-9.015386646615866,0.1736229911728948,9.900543212890625,0.0,22.546659319777973
19181211,-0.081860418211817,0.08131651645824367,0.1970578185115759,-6.457414982763975,-8.846892875257883,0.13811381267756317,9.900543212890625,0.0,22.52067550935317
19194754,-0.07044964677005972,0.06922150368891677,0.19397551407985425,-6.505692450042961,-8.919008487664318,0.17261102805547424,9.900543212890625,0.0,22.49373420991469
19208173,-0.070908945462405,0.07815221745483636,0.153844598551915,-6.6065331566952175,-9.081668164512369,0.0830951782735454,9.900543212890625,0.0,22.467227785964496
19221379,-0.08962543390572009,0.09381734765037941,0.18340300895407857,-6.4513579611203085,-9.131105993979723,0.228318820031582,9.900543212890625,0.0,22.44089683808852
19234591,-0.07950787059277209,0.08687721632383782,0.15583801527582164,-6.48406617067322,-9.204315850634725,0.17783095217727052,9.900543212890625,0.0,22.414737551589496
19248338,-0.06802723494172014,0.08944052977614092,0.15841092223160036,-6.46960536120832,-9.266615545110412,0.22343787174470542,9.900543212890625,0.0,22.38756546296645
19261521,-0.061928415214418386,0.08889305044472251,0.145490139829219,-6.350642497006056,-9.261220268230293,0.11779762947663563,9.900543212890625,0.0,22.361406176467426
19274495,-0.06923176321983293,0.08407264304272899,0.11271077114395833,-6.43219897742182,-9.327081238036158,0.14217590298988014,9.900543212890625,0.0,22.33571228303481
19287747,-0.06772916054814937,0.07298837985374051,0.11726106064803954,-6.4590598035462214,-9.286738970116083,0.15404852254651225,9.900543212890625,0.0,22.309409945388325
19300900,-0.07654593085676353,0.0943009475569434,0.12695578657880446,-6.411696836360694,-9.32269793489203,0.16690554737627394,9.900543212890625,0.0,22.283281176467426
19314496,-0.06721369010269607,0.08082298817619704,0.09039481463268473,-6.497367810770424,-9.343620191590194,0.15544482651844582,9.900543212890625,0.0,22.25633987702895
19327486,-0.07763050185799525,0.08474317671231946,0.10015343464486381,-6.515922917227446,-9.30352780796349,0.2052982412419464,9.900543212890625,0.0,22.230588763137348
19340614,-0.06971691170215522,0.08188206077970639,0.09404377701647704,-6.494651549035609,-9.229029210714256,0.052307348508312757,9.900543212890625,0.0,22.204458086867817
19353992,-0.07158196236848724,0.08957441662639387,0.08124014501035237,-6.547286793858259,-9.255668251194063,0.13469737711489138,9.900543212890625,0.0,22.17801079072524
19367380,-0.07763339537233005,0.07942053011909156,0.05263772137448264,-6.441205842840823,-9.464446340729296,0.1327139236219228,9.900543212890625,0.0,22.15156349458266
19380556,-0.06685401902496757,0.08383519927419747,0.0737978151354941,-6.43621152490854,-9.635221895028657,0.37722068328164404,9.900543212890625,0.0,22.12531837739516
19393888,-0.07540304542571219,0.10633698487483034,0.04680645155660823,-6.193882104683368,-9.631622955793148,0.17780042525298967,9.900543212890625,0.0,22.098928301711567
19407351,-0.0722215596598379,0.09245638292804403,0.0579131206972896,-6.45944131694198,-9.623242116208374,0.2338693013353641,9.900543212890625,0.0,22.072248309035785
19420574,-0.08521292176425366,0.08659515288263608,0.029124068753720422,-6.496632567573634,-9.52464751481384,0.05335695978581789,9.900543212890625,0.0,22.04606041230727
19433731,-0.08314562749534726,0.09994958343662375,0.03284426997102852,-6.568004671632796,-9.630153887495549,0.12900775591142377,9.900543212890625,0.0,22.01993164338637
19446815,-0.07603819828957237,0.10546380871832395,0.024449310383499068,-6.516656016768071,-9.462640933310393,0.16810368692755695,9.900543212890625,0.0,21.99377426423598
19460223,-0.06646133684754307,0.10009284586653155,-0.0038483913324771635,-6.506864187531175,-9.732849168502547,0.18965027207434204,9.900543212890625,0.0,21.967239230056293
19473586,-0.09684981931537262,0.07716432936199036,0.007040879363195529,-6.614065503361225,-9.493512982649357,0.1334248666480935,9.900543212890625,0.0,21.94076141633559
19486835,-0.06557938568532373,0.07057373638615028,-0.014686053919643172,-6.586787239280046,-9.711054218351691,0.19338776198506302,9.900543212890625,0.0,21.914430468459614
19500044,-0.049886882731317694,0.08025819210819973,-0.011627043439224494,-6.581609169388411,-9.719174409858883,0.23398772415168523,9.900543212890625,0.0,21.888213961501606
19513543,-0.08139095441728728,0.08977378373764444,-0.018436923096849966,-6.47633337273642,-9.465693986318112,0.2100181963366996,9.900543212890625,0.0,21.86130127229262
19526870,-0.0786071362280838,0.08242572104625467,-0.020634455238655036,-6.483306325657072,-9.481453644724496,0.16321429509975083,9.900543212890625,0.0,21.834853976150043
19540114,-0.0825617198780173,0.08607512631155578,-0.03763430023454184,-6.578062553996595,-9.490174259833843,0.10130197087712745,9.900543212890625,0.0,21.80855163850356
19553286,-0.0906403045248978,0.10363070379257233,-0.019972184998392706,-6.389659109111427,-9.465446060673894,0.2329704284152374,9.900543212890625,0.0,21.782508700271137
19566508,-0.08997513478487651,0.10628023775860718,-0.05038068479701785,-6.410638608170746,-9.404811738558564,0.136694740941822,9.900543212890625,0.0,21.756437151809223
19579981,-0.09611446766674447,0.12270665014490523,-0.05201088037386459,-6.3614119969344145,-9.3803801030916,0.17206035883322457,9.900543212890625,0.0,21.729642718215473
19593185,-0.06872462790965939,0.06646271411530713,-0.06636850220806867,-6.732747461920532,-9.449140190535338,0.13263460256330717,9.900543212890625,0.0,21.703454821486957
19606387,-0.04775505224078813,0.07204136632897007,-0.08658171571992312,-6.7178165338854505,-9.643687975739692,0.23367106928385795,9.900543212890625,0.0,21.67723831452895
19619860,-0.0731231111320847,0.08981493350438807,-0.09588966338880311,-6.51665736559093,-9.421323959562478,0.18373751873858168,9.900543212890625,0.0,21.6504438809352
19633041,-0.07134350494354891,0.09213940547443955,-0.09426092067353409,-6.479944123549313,-9.336902942397,0.14054973981492047,9.900543212890625,0.0,21.62431320466567
19646271,-0.07170877201855141,0.07985618924394267,-0.11832256135985197,-6.604197252664569,-9.410242031404081,0.1570065855343632,9.900543212890625,0.0,21.598214953322895
19659464,-0.06485706989765072,0.098007343798727,-0.09958119152411715,-6.359322047733965,-9.469398284115051,0.17886691572129543,9.900543212890625,0.0,21.57211479463149
19672932,-0.07149164408862507,0.08746744862392597,-0.10659175535067877,-6.64947695270866,-9.430474416472318,0.2550114531581098,9.900543212890625,0.0,21.545434801955707
19686205,-0.06745793560653812,0.07649998074345299,-0.14784010678954385,-6.679078016338202,-9.48526134217844,0.1769089041610794,9.900543212890625,0.0,21.5192182949977
19699270,-0.07524138638615518,0.0861540864308179,-0.11267981994435061,-6.870492879175988,-9.397106651066991,0.20365693327039658,9.900543212890625,0.0,21.49306091584731
19712451,-0.08545236808299972,0.07575271193668276,-0.15610643756940856,-6.978790405474307,-9.434568263296491,0.13898702805236063,9.900543212890625,0.0,21.466989367385395
19726283,-0.08196352264970397,0.0851169351231309,-0.13790428286083056,-7.031704419759958,-9.384656454341268,0.1461721708466861,9.900543212890625,0.0,21.439409106154926
19739576,-0.09046207547754026,0.09279356461159893,-0.1605062065614007,-6.9049040037171565,-9.464508189850896,0.10827567710541075,9.900543212890625,0.0,21.41299042024184
19752610,-0.08318684839010171,0.08059036165311984,-0.18090552732571918,-7.0143246157422645,-9.567199795053604,0.16803584291264428,9.900543212890625,0.0,21.38715156831313
19765693,-0.08297366961330122,0.0676809943594785,-0.18338587675429796,-6.9776502264478815,-9.554964386254849,0.09207533287264447,9.900543212890625,0.0,21.361167757888325
19779066,-0.08530833935052096,0.08870102177418793,-0.18049790349088557,-6.822430908573118,-9.662163971044272,0.21981889301277668,9.900543212890625,0.0,21.334720461745746
19792442,-0.07890127349078568,0.06338426030010025,-0.218911484693586,-6.96645760548309,-9.68315244286612,0.192043675164431,9.900543212890625,0.0,21.308330386062153
19805619,-0.06540974351107964,0.07880126852862568,-0.18475353583522036,-6.898310826683044,-9.584081283874216,0.23002899956174083,9.900543212890625,0.0,21.282201617141254
19818757,-0.07196345169275942,0.07368786961592777,-0.21718776081703517,-7.002618574683964,-9.553757711862925,0.16330892842583467,9.900543212890625,0.0,21.255927889724262
19832125,-0.09051020758151918,0.06676853016927864,-0.21090991846069596,-6.988489325562718,-9.426025489242974,0.13328236507371116,9.900543212890625,0.0,21.22947868623305
19845500,-0.07981951184272695,0.07628350672766593,-0.22733082983687414,-6.870044025991859,-9.544630330463352,0.172981473408786,9.900543212890625,0.0,21.203031390090473
19858614,-0.0779691732591381,0.06983366368927091,-0.2252816512598832,-6.903204500437383,-9.655688876649442,0.16017230712674646,9.900543212890625,0.0,21.17695984162856
19871867,-0.08867171952754171,0.08457392691977339,-0.24730299432508573,-6.584627406456171,-9.746300600573718,0.19445754226677003,9.900543212890625,0.0,21.150598376174457
19885629,-0.07671344203770136,0.09906498493187166,-0.2541640760833763,-6.387063990296426,-9.827172182400822,0.10758707381047294,9.900543212890625,0.0,21.12310776032973
19898949,-0.06558869510203502,0.07724246603451723,-0.2691479439852378,-6.589164809366913,-9.844249142314943,0.059467432612402504,9.900543212890625,0.0,21.096513598342426
19912204,-0.08783661250829589,0.06951984399631628,-0.27006650353655104,-6.772816789072451,-9.90597897625566,0.2184880446563664,9.900543212890625,0.0,21.07029709138442
19925325,-0.07929223002731733,0.09324249809280061,-0.2702803619532279,-6.7038377188563345,-9.917891076203286,0.1225079171945147,9.900543212890625,0.0,21.044227450271137
19938458,-0.07166255401104626,0.07996357127480236,-0.30682656381733686,-6.79955848641217,-9.977322785642446,0.14130802309103352,9.900543212890625,0.0,21.018155901809223
19951990,-0.09067836080521285,0.0741835640107098,-0.2819535531182584,-7.045583272895364,-9.861991288471078,0.07852138174533607,9.900543212890625,0.0,20.991185992141254
19965270,-0.1010633876442899,0.06517996524944936,-0.30318807950064475,-6.939516782324912,-9.99844582229644,0.21370190558269542,9.900543212890625,0.0,20.965057223220356
19978308,-0.03995075736582221,0.08763130521178297,-0.29905211269617027,-6.93175670049191,-10.049494363309147,0.1716872585248943,9.900543212890625,0.0,20.939189761062153
19991851,-0.07707918838471128,0.09329828485079128,-0.31034733394138403,-6.954002601155487,-9.869888554994613,0.2675663093516967,9.900543212890625,0.0,20.91230568208266
20005063,-0.09607785498619048,0.08079033333458074,-0.32768635710917327,-7.135383460409791,-9.629825570751578,0.07995779762692656,9.900543212890625,0.0,20.886176913161762
20018317,-0.07998691330253971,0.09918317157425038,-0.33501585169695325,-6.934797082735596,-9.70268366971672,0.157081226984781,9.900543212890625,0.0,20.860048144240864
20031519,-0.09989476268410602,0.09568324343942147,-0.306836798409595,-7.096197462284714,-9.490858666742302,0.14615365716271,9.900543212890625,0.0,20.833947985549457
20045047,-0.07639317823588776,0.07243776395283685,-0.3504156885544205,-7.200777088782193,-9.699594317983983,0.23872024283714488,9.900543212890625,0.0,20.80700668611098
20058178,-0.10641733244806462,0.08442443583972747,-0.35046739287905293,-7.142122577578874,-9.525843485111743,0.11567218975342719,9.900543212890625,0.0,20.780877917190082
20071146,-0.07784143531203158,0.04445426533006169,-0.36672048260070333,-7.391219294012188,-9.798714420059326,0.19887738166935698,9.900543212890625,0.0,20.755212633986957
20084282,-0.07684202621787728,0.11569235244065568,-0.3517926107910272,-6.975173332020049,-9.621775148580376,0.08914326408863182,9.900543212890625,0.0,20.72917160310317
20097901,-0.08060138246416937,0.13086068600021372,-0.3605844754401586,-6.785522024410366,-9.510976909287571,0.235947398677542,9.900543212890625,0.0,20.702346651931293
20111277,-0.0982520050156106,0.08598540427915746,-0.3922178607685112,-7.1051371861663455,-9.504650547171238,0.14703882680215052,9.900543212890625,0.0,20.675636141677387
20124484,-0.0752221124017236,0.07781023062147185,-0.3965380565311749,-7.0819805873784425,-9.676209043383004,0.21711565349750117,9.900543212890625,0.0,20.64939293183852
20137570,-0.08425048479854969,0.09502081070937263,-0.39364114050708565,-7.053951961632517,-9.512460263317976,0.12692144855566312,9.900543212890625,0.0,20.623437731643207
20150682,-0.10411553027540332,0.10281597001068321,-0.40569881499238214,-7.003497596251073,-9.466278810070754,0.2808148924121987,9.900543212890625,0.0,20.59756836213637
20164153,-0.08130307461470254,0.08460821216002157,-0.4281564690671855,-7.086367756737914,-9.569221363595574,0.13977219535082597,9.900543212890625,0.0,20.570859759231098
20177388,-0.08639137302100552,0.09359547695152481,-0.40159008365578863,-7.1408984234642965,-9.496284782796803,0.2007743315715338,9.900543212890625,0.0,20.544469683547504
20190508,-0.0759799137699595,0.05652302296601275,-0.45852919918991564,-7.405783461019247,-9.637493258590847,0.1443756149169051,9.900543212890625,0.0,20.51851448335219
20203785,-0.08424921149164355,0.09144704327203357,-0.43271826805613856,-7.264216865593642,-9.725788364977095,0.20931600012935725,9.900543212890625,0.0,20.492154925246723
20217546,-0.09333174949526724,0.09831479726932968,-0.45400653584815487,-7.181515048513116,-9.657080177603664,0.1273519067469966,9.900543212890625,0.0,20.465038149734028
20230792,-0.07784310650855186,0.06817066688589812,-0.4821023096842314,-7.581674711068423,-9.793599572308214,0.09921858188860178,9.900543212890625,0.0,20.43867859162856
20243945,-0.10021385361552193,0.10757349852882347,-0.45218871589817056,-7.292130591161847,-9.805558433687093,0.2639891228575255,9.900543212890625,0.0,20.41246208467055
20257309,-0.07699087426245121,0.09783658732421774,-0.4669903597234928,-7.358682857922915,-9.938935841725467,0.2437385525234781,9.900543212890625,0.0,20.38612922944594
20270800,-0.09274922736018798,0.08693218492709143,-0.4775167965469498,-7.40000156796232,-9.967565038726185,0.20578782445721444,9.900543212890625,0.0,20.359304278274067
20283911,-0.08830067671805564,0.09574673890493801,-0.48276224195279127,-7.308849380834847,-9.848415790249557,0.10032735702328388,9.900543212890625,0.0,20.33337959565688
20297215,-0.09041017215728653,0.09172778455272357,-0.5034783674101533,-7.236025517485139,-9.884242503473459,0.22875275312081023,9.900543212890625,0.0,20.307018130202778
20310312,-0.09228356335908083,0.0979899597570304,-0.5159437916013587,-7.258290454771071,-9.835583603678199,0.2623310545791693,9.900543212890625,0.0,20.28112015046645
20323728,-0.08899570746630348,0.09975478802993942,-0.5092667835144695,-7.356624718000738,-9.746616083068702,0.22354351658493243,9.900543212890625,0.0,20.25423797883559
20337309,-0.07914715509384829,0.08090229808487015,-0.544151105854735,-7.392463528834284,-9.820679001992346,0.20679792293362276,9.900543212890625,0.0,20.22726806916762
20350348,-0.07029971182703854,0.08917515739046089,-0.5386338267067812,-7.60782925874144,-9.948817304958997,0.16387819622613442,9.900543212890625,0.0,20.201545565505512
20363570,-0.09749994991034194,0.09222066982135213,-0.5434869099779416,-7.440670435493736,-10.164053435288523,0.19834281995654024,9.900543212890625,0.0,20.175212710280903
20377166,-0.09511750922620221,0.07463308577492889,-0.5494333519540717,-7.56359663128972,-10.154425205207769,0.2396384288771447,9.900543212890625,0.0,20.148446886916645
20390465,-0.08171601451218047,0.10233563472367835,-0.5757819489528977,-7.446879614499064,-10.23136533678636,0.18478452619410923,9.900543212890625,0.0,20.121795504470356
20403746,-0.09653054403483763,0.11747249106451885,-0.562339018859416,-7.398411833508312,-10.011357409981194,0.17786748131379326,9.900543212890625,0.0,20.095550387282856
20416898,-0.09971739814579417,0.10396979079857505,-0.5808583343701059,-7.458601199203137,-10.052057670034472,0.19935746317580083,9.900543212890625,0.0,20.06924614228774
20430332,-0.08679276825636517,0.07934408812291927,-0.592125011864824,-7.769033760111331,-10.20200628275812,0.18055141949139397,9.900543212890625,0.0,20.042653887649067
20443588,-0.09138801089882786,0.08367586236335356,-0.6096182407125079,-7.624819997325837,-10.234704148056515,0.13018481216244204,9.900543212890625,0.0,20.016408770461567
20456776,-0.06459371721744445,0.10122685796365172,-0.6067750728727868,-7.561436573042869,-10.295882686590556,0.13629393018260494,9.900543212890625,0.0,19.990018694777973
20469868,-0.11541153247743807,0.11881132142044648,-0.6129753675927967,-7.269389777423886,-10.011740044295344,0.13771913782782796,9.900543212890625,0.0,19.96403488435317
20483150,-0.1122544686186302,0.10185125770315562,-0.6200962673367556,-7.559085413470861,-10.062143984805946,0.23189893878355683,9.900543212890625,0.0,19.93778976716567
20496470,-0.08995078239023613,0.08252117630332756,-0.6236798685333129,-7.748713331176038,-10.033588406377731,0.15056775358200092,9.900543212890625,0.0,19.911399691482075
20509600,-0.0964560140770665,0.08627343110755148,-0.6266036488471922,-7.708561295256917,-9.928189783418777,0.23241474546358099,9.900543212890625,0.0,19.885444491286762
20523039,-0.08747049650341188,0.07857323093809199,-0.6619548860862103,-7.802896198442578,-9.8469079445073,0.1838703004511455,9.900543212890625,0.0,19.858880846877582
20536685,-0.08148099512755724,0.10868169442378006,-0.6672042523989816,-7.6529224474109725,-9.995494031523918,0.21413223642341705,9.900543212890625,0.0,19.831939547439106
20549854,-0.0835898044884198,0.0793466202862565,-0.6728143623016773,-7.804946191242337,-9.94686498438865,0.21476208066120783,9.900543212890625,0.0,19.805898516555317
20563116,-0.07038718618810114,0.0984989141619208,-0.6944568222057814,-7.549864343449624,-10.013215569746649,0.2065377469821268,9.900543212890625,0.0,19.779449313064106
20576298,-0.08940784428775261,0.08556019664056613,-0.6742352188944061,-7.687396621796786,-9.778116777007877,0.16349163051061133,9.900543212890625,0.0,19.753263323684223
20589468,-0.12622267207413795,0.07983468462161736,-0.6852256744725249,-7.625553130969852,-9.695325657429553,0.147901731266602,9.900543212890625,0.0,19.72727951325942
20603069,-0.13201152803927618,0.061014068875834715,-0.67641698453851,-7.726600658441335,-9.504496198536312,0.1960428842364994,9.900543212890625,0.0,19.700250475783832
20616278,-0.09250742620467989,0.1040039677646758,-0.6999852610400312,-7.425015458172265,-9.818594892545942,0.2419426026794298,9.900543212890625,0.0,19.67406448640395
20629554,-0.08591740156561034,0.10325091596871627,-0.7074241769215464,-7.392018298294097,-9.620857986469417,0.22242081829711857,9.900543212890625,0.0,19.647760241408832
20642842,-0.07859863364189756,0.09253827279023885,-0.743246653112843,-7.605344003364891,-9.701072667552083,0.1734810568865388,9.900543212890625,0.0,19.62125572480727
20656466,-0.07134821473628206,0.10762856834933165,-0.7441067108459771,-7.1942914699971645,-9.650522713149787,0.18072845350280353,9.900543212890625,0.0,19.594140856643207
20669832,-0.0826217516565313,0.0955340973047174,-0.7246938156004994,-7.541378303041906,-9.660237142045354,0.25334323883570775,9.900543212890625,0.0,19.56760582246352
20683107,-0.07347179111629654,0.07349407893933368,-0.7707911178501687,-7.517092889829129,-9.722238891709296,0.1214372701463855,9.900543212890625,0.0,19.5411852292018
20696333,-0.07894936609238279,0.09458263381890997,-0.7587772389829892,-7.640215026213827,-9.782837930462364,0.13468515356339417,9.900543212890625,0.0,19.5149401120143
20709875,-0.10712701045215045,0.08947037357881715,-0.7759218263165648,-7.436164895166307,-9.627323053913265,0.1155658234721404,9.900543212890625,0.0,19.488115160842426
20723243,-0.08718741566568511,0.07013526282317928,-0.7989341949789965,-7.789322873396728,-10.04172785321072,0.17385313174165518,9.900543212890625,0.0,19.461639254470356
20736367,-0.08928103393763243,0.10120587025851058,-0.786422892912924,-7.362385980441122,-9.934941851027165,0.1663813186548655,9.900543212890625,0.0,19.43562683381606
20749625,-0.09279980847060587,0.08723994625777043,-0.8032317562040685,-7.566211819525211,-9.977780503046663,0.13780670778736415,9.900543212890625,0.0,19.409236758132465
20762875,-0.09057433018386307,0.08957184703335197,-0.8273010960699603,-7.3719091120973275,-9.921499463935199,0.23561557650670117,9.900543212890625,0.0,19.38284668244887
20776553,-0.08027156383573875,0.08948827140130144,-0.8196668452324714,-7.437634419541361,-10.137578993043007,0.21916840514562885,9.900543212890625,0.0,19.3557604245143
20789686,-0.10558340225785878,0.0799926718752837,-0.8320461775226144,-7.379517705433816,-9.902795783758013,0.1353368686362355,9.900543212890625,0.0,19.32980522431899
20803073,-0.10522949661373993,0.08023271846473246,-0.8299155541259058,-7.438750135214775,-9.94925462455258,0.20725171788439312,9.900543212890625,0.0,19.30318245210219
20816758,-0.09000518048673767,0.0919501568599046,-0.8588724436043202,-7.426646793890594,-9.894936273554265,0.15477545051649066,9.900543212890625,0.0,19.275951235671528
20830033,-0.0921376088654986,0.0870417447303986,-0.8704088974422959,-7.458058269676268,-9.93251943235338,0.20598840435899746,9.900543212890625,0.0,19.24962028779555
20843174,-0.07336775760680325,0.1064416020734611,-0.8601390007005643,-7.424160846295361,-10.00346507092208,0.17257918837144892,9.900543212890625,0.0,19.223432391067035
20856364,-0.09964197162479094,0.09894981217019305,-0.8880292827159897,-7.45770912787944,-10.036191863164902,0.24222350318051866,9.900543212890625,0.0,19.197275011916645
20869556,-0.09931395694196166,0.08805000169918009,-0.8847433246524634,-7.566903832169473,-10.134085476320095,0.21004812616988922,9.900543212890625,0.0,19.171146242995746
20883067,-0.11427133732438,0.08811575026266305,-0.8906030366993685,-7.547453218468281,-9.973010124245143,0.18896855673514246,9.900543212890625,0.0,19.144349902053364
20896468,-0.10176817431300744,0.08098168101251146,-0.9031879459500312,-7.511055075414628,-10.11629869867459,0.17170397612348154,9.900543212890625,0.0,19.117582171340473
20909503,-0.10018264954596656,0.07833260542444886,-0.9139213225276013,-7.5525225374503435,-10.055256341664943,0.15429718064300602,9.900543212890625,0.0,19.09191879548598
20922714,-0.104410264798104,0.08505790251240186,-0.9341450190474081,-7.470446638171374,-10.08406790187091,0.08843723847433971,9.900543212890625,0.0,19.065933077712543
20936497,-0.08052590507954305,0.08985590230904528,-0.9344719730160378,-7.482069816403833,-10.281727847952993,0.1962543665619947,9.900543212890625,0.0,19.038732378860004
20949790,-0.09570628301322337,0.07607571532554958,-0.9477566327255218,-7.476395938124057,-10.115795667996409,0.13751006846628933,9.900543212890625,0.0,19.012399523635395
20963107,-0.10137946275234144,0.07181574280925118,-0.9400986175518469,-7.633983795646728,-10.218935326266585,0.22765092087022687,9.900543212890625,0.0,18.9860094479518
20976181,-0.11033154168665327,0.10842060611166127,-0.9484654574467974,-7.2597286451816565,-9.970978737496438,0.164481594622357,9.900543212890625,0.0,18.96005424775649
20989462,-0.11345398229479686,0.08633034798339034,-0.9622296305517848,-7.587488700627535,-9.952284175705167,0.18091951878279566,9.900543212890625,0.0,18.933839648147114
21002725,-0.08939107624202913,0.09302962461330044,-0.9725275746049729,-7.459360121562632,-9.946254940539156,0.16839825266547415,9.900543212890625,0.0,18.907506792922504
21016190,-0.0924126997509589,0.11721233402043629,-0.9778810865864145,-7.337686091573687,-9.833595483195044,0.21934259211018592,9.900543212890625,0.0,18.88071045198012
21029409,-0.10746137362390673,0.08079492825053691,-0.9971333320079001,-7.4860193651968245,-9.860396718785172,0.2153165375638757,9.900543212890625,0.0,18.854495852370746
21042545,-0.1107187055626504,0.06603769146688321,-1.0106687816583362,-7.5554042265516514,-9.856547511975172,0.15312549426518451,9.900543212890625,0.0,18.828452914138325
21056285,-0.09423798302858932,0.06572472320355494,-1.018421037281974,-7.558212247778776,-9.97297636626691,0.21542216848097695,9.900543212890625,0.0,18.801280825515278
21069450,-0.07623214863687666,0.08722961708344545,-1.0313781561555704,-7.514004758637846,-9.97752876594365,0.16438868388823913,9.900543212890625,0.0,18.77518066682387
21082615,-0.10096624681293909,0.09751160822369198,-1.0297145293661192,-7.4724067862063634,-9.781729489741625,0.1523984165509784,9.900543212890625,0.0,18.749080508132465
21095940,-0.12007358010947611,0.09612255491875099,-1.0456731882385153,-7.433294773871449,-9.793675989512654,0.24629069631867218,9.900543212890625,0.0,18.72257408418227
21109436,-0.10332412018537429,0.06862825195297617,-1.0514492056436824,-7.551364131146222,-9.933013802053189,0.23611059451639527,9.900543212890625,0.0,18.69589409150649
21122686,-0.08869864554762819,0.08654409458979972,-1.0652618475754565,-7.480231258284,-9.811950320136994,0.1967174168497312,9.900543212890625,0.0,18.669591753860004
21135991,-0.09741630072474461,0.10036617924466795,-1.0712054955868417,-7.394766908896862,-9.834145344032645,0.19443958552345642,9.900543212890625,0.0,18.6431139401393
21149092,-0.08900588174223856,0.09065228060662789,-1.09305939702928,-7.331926049308482,-9.922141898415983,0.19109345740109518,9.900543212890625,0.0,18.617013781447895
21162442,-0.08802956808060314,0.10766102791979915,-1.0621101305793221,-7.345519932072165,-9.859840243753492,0.28885027856007106,9.900543212890625,0.0,18.590362399001606
21175717,-0.09325401718586601,0.0845355464481563,-1.1130942670238761,-7.511505146340575,-9.86763490410194,0.1932031791069342,9.900543212890625,0.0,18.564205019851215
21188967,-0.085542057988643,0.09323922742359403,-1.1209701985717562,-7.56393378835693,-9.877712551916392,0.12371419117800642,9.900543212890625,0.0,18.53790268220473
21202335,-0.10864924528896669,0.09696236389331503,-1.1201494740683584,-7.542175836939361,-9.834002899095562,0.15171780227236376,9.900543212890625,0.0,18.511367648025043
21216095,-0.08655136884361436,0.07463196037642672,-1.153241063728407,-7.767200031086656,-10.020621501114817,0.177273593180999,9.900543212890625,0.0,18.483991473098285
21229328,-0.08170949912756598,0.09957345982238697,-1.1395923323948676,-7.759995055710675,-10.009413242803813,0.09975908080473594,9.900543212890625,0.0,18.45780357636977
21242530,-0.09934621919900088,0.09665536900959926,-1.1604241043964763,-7.759656304120721,-10.051102569616145,0.27035826238907923,9.900543212890625,0.0,18.43173393525649
21255668,-0.08625233189016557,0.08655470849968538,-1.1830597835811218,-7.8598160800144115,-10.0814173461467,0.07455034796230464,9.900543212890625,0.0,18.40580734529067
21268857,-0.08915364681243831,0.0921987646289173,-1.1817476725678135,-7.9608807976080485,-10.075075139358795,0.2675326890492453,9.900543212890625,0.0,18.37947449006606
21282378,-0.07867818239301405,0.10946972199372973,-1.1881756100238103,-7.852285008508858,-10.143905999791027,0.18078407004572483,9.900543212890625,0.0,18.352649538894184
21295662,-0.0912773026165361,0.09585235440447915,-1.2014638327728209,-7.965788260459902,-10.029174595145882,0.20567303522065217,9.900543212890625,0.0,18.326114504714496
21308665,-0.10012804335951708,0.10601730177477031,-1.205103774919361,-8.00240968797505,-9.907312511624397,0.1722452470518654,9.900543212890625,0.0,18.300479739089496
21321910,-0.08787051699697868,0.09766170910537286,-1.220295520991682,-8.064356153624207,-10.01288282001093,0.24211107912018903,9.900543212890625,0.0,18.274234621901996
21335721,-0.08339237291425361,0.09313084483526679,-1.2244534439251558,-8.108283426719904,-10.05500465599895,0.2588074424726514,9.900543212890625,0.0,18.246742098708637
21349059,-0.10351936648517768,0.09679119425416016,-1.2414309404796366,-8.184784619351625,-9.935770068086086,0.12896314153760713,9.900543212890625,0.0,18.220496981521137
21362076,-0.0901475744259348,0.07892972737811532,-1.260960228193774,-8.278717177085579,-10.248356989347634,0.21062785495676017,9.900543212890625,0.0,18.19471535005141
21375209,-0.0760481791791312,0.08713771447874619,-1.2610607400520886,-8.342436428119836,-10.293326395408513,0.18807137977234945,9.900543212890625,0.0,18.168731539626606
21388796,-0.08849469217657946,0.09783693800084303,-1.2789115069926522,-8.223226730419249,-10.342141538380833,0.24856185032568767,9.900543212890625,0.0,18.14190658845473
21402195,-0.09178986653447074,0.09570474655970984,-1.2701939507503797,-8.231911994861516,-10.09369825712487,0.2483043356448409,9.900543212890625,0.0,18.11522659577895
21415356,-0.09070284509986548,0.07449341384582242,-1.2893342333079119,-8.450252137872578,-10.267516545765105,0.17364124205238873,9.900543212890625,0.0,18.08909782685805
21428507,-0.11492556710570989,0.0840434976495803,-1.28709172591254,-8.524928243363505,-10.30523215139717,0.2076321430601169,9.900543212890625,0.0,18.062997668166645
21442003,-0.10177604672491469,0.09185174433730592,-1.2949004282233858,-8.457226361267864,-10.334109684120119,0.2467776972988993,9.900543212890625,0.0,18.03628906526137
21455119,-0.08328290951728778,0.11739474996782873,-1.3092866419788454,-8.416741911602024,-10.306723885393438,0.07515020555816498,9.900543212890625,0.0,18.010305254836567
21468435,-0.14246020916908897,0.10683167104907354,-1.3195751697682585,-8.414183391556893,-10.008478616264316,0.11803610721655211,9.900543212890625,0.0,17.98377022065688
21482024,-0.09551318884611071,0.06950882101759315,-1.3426864382846642,-8.606260322688073,-10.33919976983324,0.1807975078156563,9.900543212890625,0.0,17.956626742263325
21495496,-0.09371923207908806,0.08719878646247126,-1.338854891173317,-8.391732989486158,-10.278984834944609,0.226915803609268,9.900543212890625,0.0,17.930091708083637
21508759,-0.09255493720054497,0.0951425247352573,-1.3322884206325556,-8.305528493537455,-10.149591571623834,0.20127066870741395,9.900543212890625,0.0,17.90367111482192
21521909,-0.09866901884734558,0.07698595445334955,-1.3424396998488897,-8.365363324393034,-10.065833325190251,0.1783995806255927,9.900543212890625,0.0,17.87765869416762
21535206,-0.09048472590207979,0.06259103268951227,-1.3763449549409739,-8.360947183416041,-10.185952808748336,0.21166045950487167,9.900543212890625,0.0,17.851268618484028
21548917,-0.08566483026623661,0.0532522030674667,-1.3789597294313456,-8.365742718491852,-10.1158781157893,0.18766208515204497,9.900543212890625,0.0,17.82406791963149
21562120,-0.06729866054981848,0.0796766623489562,-1.3974572019441416,-8.125900023709832,-10.167152348667685,0.17617726674601286,9.900543212890625,0.0,17.797937243361957
21575315,-0.085004099265932,0.10682045652009564,-1.3737134849502892,-7.975185296550546,-9.938836721122417,0.1958872094786912,9.900543212890625,0.0,17.771692126174457
21588561,-0.11013017752081122,0.10971380464322911,-1.3808247996287788,-8.020852460598796,-9.896668720635926,0.2213301305774582,9.900543212890625,0.0,17.745534747024067
21601907,-0.11927223067969006,0.061062948718294985,-1.4061077173123513,-8.179556660711764,-9.839128805834655,0.18641818556792877,9.900543212890625,0.0,17.71911606111098
21615263,-0.08220911291658828,0.06073969144813707,-1.4138593826598669,-8.248396508083939,-9.973756626865566,0.16851437574930372,9.900543212890625,0.0,17.6925524167018
21628431,-0.11928487589865888,0.10637711233936287,-1.4063210683426997,-7.913910777060238,-9.694931660354289,0.16503157301507976,9.900543212890625,0.0,17.66653808869887
21641853,-0.10400981330454284,0.0677278071213514,-1.4324995006512848,-8.08521319156468,-9.751241281630996,0.16475644269488932,9.900543212890625,0.0,17.63985809602309
21655299,-0.0975938299420469,0.0898053701983399,-1.4218701283104709,-7.953319406525043,-9.737723018853515,0.17042747584581264,9.900543212890625,0.0,17.613237231154926
21668498,-0.08582944679289994,0.09404573536731364,-1.4441941026207052,-7.827443754582109,-9.777425163401965,0.21593927498571652,9.900543212890625,0.0,17.58702072419692
21681573,-0.08562314033746654,0.07590639313735115,-1.4530694416084131,-8.040820843279064,-9.828891251978877,0.17267202661149206,9.900543212890625,0.0,17.561124651809223
21694758,-0.09426752564102348,0.08581995244592444,-1.454573680827318,-7.885410888634173,-9.834151001098306,0.214618441220372,9.900543212890625,0.0,17.534879534621723
21707949,-0.08950939838319938,0.05877723126009138,-1.4877974656753228,-8.086763699633035,-10.025020427876264,0.2347427193415168,9.900543212890625,0.0,17.508691637893207
21721921,-0.09665790974765986,0.08644071864344194,-1.4708512402369829,-7.965681180132776,-9.915796314438136,0.18545535868234886,9.900543212890625,0.0,17.48090919770766
21735165,-0.1053754043441999,0.079667803131789,-1.491065403666048,-7.887414733388425,-10.034621863986853,0.24333788733914297,9.900543212890625,0.0,17.454578249831684
21748257,-0.09562864707827412,0.0690479663626109,-1.5094007622685286,-7.948443463783562,-10.121103962991242,0.15231173456899683,9.900543212890625,0.0,17.428651659865864
21761266,-0.09351817892789738,0.09222302364274881,-1.49360189607635,-7.78634210197017,-10.23822964454249,0.20608205144077552,9.900543212890625,0.0,17.40275558747817
21774410,-0.10042096792131572,0.08859146731786449,-1.4982256564582137,-7.875822562915982,-10.163754685131316,0.15102638678230207,9.900543212890625,0.0,17.376655428786762
21788107,-0.0964514223572599,0.08976064728908306,-1.5177028775501986,-7.819440141981243,-10.163965200555626,0.23787875587649587,9.900543212890625,0.0,17.349424212356098
21801288,-0.09607322655975725,0.08799912579871738,-1.5069250594254573,-7.8728691214594235,-10.114579306229356,0.2005446179693191,9.900543212890625,0.0,17.323236315627582
21814400,-0.09523928863018671,0.0703730016030375,-1.5385758370940374,-7.997714377398488,-10.164581598639188,0.22364694162383536,9.900543212890625,0.0,17.29728111543227
21827750,-0.08541912085413816,0.09495700706914056,-1.5285073295257972,-7.800323402509097,-10.128672027160231,0.1864692488707611,9.900543212890625,0.0,17.27071747102309
21841518,-0.10114446282774114,0.09552897654093839,-1.532490934965237,-7.871566092600077,-10.022412169236393,0.18828415094591655,9.900543212890625,0.0,17.243371813674457
21854752,-0.09745293851971581,0.0745665981457384,-1.5550779603072247,-8.009901146628557,-10.17081902634025,0.19993482258848871,9.900543212890625,0.0,17.217096178908832
21867966,-0.09054838694006095,0.0670265879816565,-1.565817518026157,-8.115284652947484,-10.272173498463339,0.14494610831908794,9.900543212890625,0.0,17.190851061721332
21881074,-0.104205721115469,0.07716044941544564,-1.5511827877765887,-8.034293367792962,-10.287347714177073,0.18933224278300997,9.900543212890625,0.0,17.164810030837543
21894427,-0.10750935426026498,0.08169821874924055,-1.5569564355009042,-7.980045032411816,-10.159545501808527,0.1824966888894881,9.900543212890625,0.0,17.13833221711684
21907939,-0.09988393193155476,0.07955172215022133,-1.5737965536978082,-8.069377542355952,-10.235808199049835,0.17992152261786032,9.900543212890625,0.0,17.111595003982075
21921164,-0.1185109537267679,0.09384486426472671,-1.5571299719399212,-7.997254531636237,-10.302103832169479,0.30765165249198567,9.900543212890625,0.0,17.085349886794575
21934366,-0.09238327504217603,0.06301878499716529,-1.5857083147683744,-8.24157263172254,-10.393013946904993,0.13417512187793967,9.900543212890625,0.0,17.059133379836567
21947592,-0.08168894726842568,0.10710647630430814,-1.574979559761509,-8.093790491561144,-10.380081917430616,0.1858593683699521,9.900543212890625,0.0,17.032888262649067
21961315,-0.11259730456322359,0.11965979573443541,-1.5688251176993546,-7.921267883700281,-10.244902490232736,0.2999695208001132,9.900543212890625,0.0,17.00559982575942
21974668,-0.09438827670514494,0.06664120769813686,-1.5925339099858693,-8.335460659488739,-10.313832717819814,0.12523269596621311,9.900543212890625,0.0,16.979209750075825
21987902,-0.09463886176019809,0.0698724357672782,-1.589689995131864,-8.317078304924372,-10.36442044387579,0.2208541099513326,9.900543212890625,0.0,16.952936022658832
22001221,-0.11206162294387756,0.06694762726791237,-1.5781714888631555,-8.273390291314424,-10.201649936431352,0.17217705759756363,9.900543212890625,0.0,16.926690905471332
22014779,-0.12030945460826059,0.08601459489010299,-1.5957428545943646,-8.108857128224525,-9.978270688006731,0.1818294945584995,9.900543212890625,0.0,16.89998230256606
22028012,-0.10970828938573574,0.07829575237602016,-1.589570875839292,-8.036962664586454,-10.055279975757752,0.21243782722577365,9.900543212890625,0.0,16.87364944734145
22041188,-0.08802432011991668,0.07507889256156974,-1.5885199385132642,-8.029992339601218,-10.12642309930742,0.22409544973067774,9.900543212890625,0.0,16.847549288650043
22054272,-0.071874434167146,0.08058235919721479,-1.6036211859463885,-8.025523548534217,-10.160584238741698,0.25144989429645115,9.900543212890625,0.0,16.821508257766254
22067479,-0.1035939009240261,0.1184819530647252,-1.59590567070134,-7.698174886833726,-9.927657757141588,0.22107954949654562,9.900543212890625,0.0,16.795408099074848
22080913,-0.13841868722677209,0.06798026052966732,-1.59206684594795,-8.02035032515288,-9.7037083709994,0.2609255458791555,9.900543212890625,0.0,16.768728106399067
22094044,-0.04661692111223914,0.03137379295446019,-1.6340416097124661,-8.283218194334207,-10.207491123179796,0.18143068829767195,9.900543212890625,0.0,16.742685168166645
22107267,-0.03646602369427576,0.09612852716639719,-1.6417510306297238,-7.77017168682039,-10.191448668258491,0.2191452736522237,9.900543212890625,0.0,16.71635422029067
22121035,-0.10702842251270894,0.1137565825419875,-1.604740790829136,-7.665275613257435,-9.683496255058198,0.18265313002936345,9.900543212890625,0.0,16.689006655593403
22134202,-0.09063274065405036,0.07563109081484432,-1.6337518528696142,-7.602852066922782,-9.754807770106495,0.2224178404166537,9.900543212890625,0.0,16.662877886672504
22147435,-0.10671180549651282,0.08917688859783146,-1.5969268315593155,-7.619536121673583,-9.617646113897568,0.19982036604054265,9.900543212890625,0.0,16.636632769485004
22160481,-0.09388117728352441,0.06695101752445098,-1.6074529577036207,-7.650531155041158,-9.655393690532744,0.19157822845980554,9.900543212890625,0.0,16.610822527785785
22173640,-0.09033447165101727,0.07721677667073923,-1.6201400050903105,-7.6142493210640545,-9.690756330194471,0.20161239102400863,9.900543212890625,0.0,16.58481010713149
22187172,-0.11332171912372058,0.0732018034040931,-1.6099780126500125,-7.595648173374382,-9.667130345058293,0.21525790728375505,9.900543212890625,0.0,16.557811587234028
22200499,-0.09140343492209801,0.07137918665543252,-1.6234986329285794,-7.675541485598384,-9.72700470594824,0.15810359374389016,9.900543212890625,0.0,16.53147873200942
22213713,-0.10578998295515696,0.07769403053768009,-1.6081246140991894,-7.695842329461875,-9.61783639001936,0.1686978839635085,9.900543212890625,0.0,16.505321352859028
22227137,-0.1090714784941067,0.0819279073218262,-1.6097606443645809,-7.638476983647344,-9.679572287149135,0.1976231728049349,9.900543212890625,0.0,16.47878631867934
22240818,-0.09054528811037432,0.0966950594846907,-1.613457302890569,-7.4895760401973135,-9.914711838307085,0.3020852623330068,9.900543212890625,0.0,16.451526492019184
22254164,-0.0994042859867208,0.07589266863517508,-1.6204045942718537,-7.664122257954627,-9.91867387637869,0.23220478384129528,9.900543212890625,0.0,16.424846499343403
22267149,-0.09797645168423585,0.09342761101834496,-1.610142829905226,-7.6131786003911515,-9.991410453968943,0.22872699825353848,9.900543212890625,0.0,16.399181216140278
22280364,-0.10948261962860695,0.058086183876768116,-1.6297078718795621,-7.794712231161743,-9.783907013796124,0.13995209736414083,9.900543212890625,0.0,16.37296470918227
22293683,-0.10664025374174013,0.09307916189625876,-1.5879997670654946,-7.57752567092642,-9.843879410738204,0.24392833345144993,9.900543212890625,0.0,16.3464888028102
22307158,-0.11084646556585964,0.06364221390940306,-1.6111417810978734,-7.741359251663241,-9.731372970176494,0.16687959420509557,9.900543212890625,0.0,16.3197496823268
22320386,-0.09030474945127853,0.0846848233209554,-1.596091780339032,-7.582207959160954,-9.790559880474063,0.2312762395006427,9.900543212890625,0.0,16.293418734450825
22333457,-0.10415536153316385,0.0789320330026746,-1.5891885402837396,-7.567590594660047,-9.570262468181554,0.24768874639093852,9.900543212890625,0.0,16.267520754714496
22346777,-0.09901610035657793,0.06169258029088387,-1.5953051812566805,-7.699316590603885,-9.652351064957681,0.20592665485724915,9.900543212890625,0.0,16.241159289260395
22360329,-0.09539419347673572,0.07110616703085615,-1.5923079627824572,-7.634921962149445,-9.634167896873954,0.1443278426638983,9.900543212890625,0.0,16.214248507400043
22373434,-0.10795928143054168,0.08786377937085943,-1.5564572859191141,-7.490311133561729,-9.67874110975087,0.2581642548974603,9.900543212890625,0.0,16.18826469697524
22386792,-0.11261882750004482,0.07691090946652035,-1.5787540388002235,-7.369297320182472,-9.644118295114787,0.19391911457605637,9.900543212890625,0.0,16.16164192475844
22400218,-0.10262445047110225,0.08177908506982035,-1.5724062105078254,-7.318554265732466,-9.606308822897674,0.21208988821960872,9.900543212890625,0.0,16.13504967011977
22413658,-0.10910886686831622,0.09025178478874274,-1.554917055751309,-7.308185080386696,-9.584504902048113,0.26385213008396313,9.900543212890625,0.0,16.10860046662856
22426800,-0.07555946030974292,0.07230110955312852,-1.5610684691672017,-7.512968553860038,-9.625515850834105,0.17757322972148515,9.900543212890625,0.0,16.082500307937153
22439979,-0.08035683359652701,0.09775655752100065,-1.5396005058111983,-7.433662986845675,-9.781938418850302,0.16374513692311865,9.900543212890625,0.0,16.056459277053364
22453581,-0.10864094978213235,0.09396650452390376,-1.5573151738224906,-7.364928684260697,-9.608781900017707,0.16154235694676622,9.900543212890625,0.0,16.02954658784438
22466773,-0.08452009250134118,0.055537341597900136,-1.528793864532485,-7.676588921291977,-9.73384142811939,0.23081447761408747,9.900543212890625,0.0,16.00341781892348
22480069,-0.0872840290436141,0.09304991250149919,-1.5318046034968642,-7.387508956619051,-9.666404228577765,0.1670564627044655,9.900543212890625,0.0,15.976912348647602
22493309,-0.09544604281932045,0.10861292523257449,-1.5089152136082191,-7.218046301166119,-9.513635268443824,0.19548190805889476,9.900543212890625,0.0,15.950522272964008
22506758,-0.10018888512402668,0.08536239261783707,-1.4964580190094559,-7.24464101145044,-9.43557011074737,0.11378026155240839,9.900543212890625,0.0,15.923870890517719
22520175,-0.10449081354856427,0.07625733059421225,-1.51299688895151,-7.248250964957478,-9.357827995186152,0.19130732108786574,9.900543212890625,0.0,15.89727768220473
22533197,-0.09108651907533316,0.056892247606888935,-1.5126284859695271,-7.430848105284273,-9.516927529709939,0.22716929991059054,9.900543212890625,0.0,15.871555178542621
22546402,-0.06755910634428197,0.07826438030086491,-1.4833835129026323,-7.236702091738881,-9.550423197560608,0.2653868532148742,9.900543212890625,0.0,15.845368235488422
22560169,-0.12261781754463863,0.08994039580069546,-1.4794616138044736,-7.133109343678058,-9.229869247981014,0.15760811987496837,9.900543212890625,0.0,15.818078844924457
22573367,-0.12393331257611484,0.042862598350420944,-1.466141476010903,-7.350385997559279,-9.258352509021016,0.21458764865852764,9.900543212890625,0.0,15.791805117507465
22586608,-0.10346028427272991,0.005775227359608115,-1.4907734758620697,-7.613568910345439,-9.446891067491471,0.1293806081830695,9.900543212890625,0.0,15.76576313294936
22599883,-0.07633808394491615,0.06279410043671785,-1.4847499246083187,-7.237489157621269,-9.593627680009906,0.18672394815817484,9.900543212890625,0.0,15.739546625991352
22613208,-0.11145431631356395,0.0975527017984541,-1.4454839617612203,-6.862193305932731,-9.26817504793689,0.25008469317711857,9.900543212890625,0.0,15.713069765944965
22626571,-0.08588387745827397,0.06808076600305757,-1.464216734788491,-7.008722269303949,-9.444777116687451,0.19019326484255217,9.900543212890625,0.0,15.686419337172993
22639839,-0.10393011415153675,0.08191678914219191,-1.4215546104064583,-6.887649936355356,-9.276410723795,0.18075258883714618,9.900543212890625,0.0,15.65994152345229
22652897,-0.09714654806554268,0.07600344549410054,-1.4142232588500523,-6.808693322079481,-9.286143192389606,0.21150792458809775,9.900543212890625,0.0,15.634045451064594
22666129,-0.042410861594974314,0.02401299529723855,-1.252817195969298,-6.590825879978688,-9.751564617800863,0.23907268001906523,9.900543212890625,0.0,15.607857554336078
22679898,-0.10079898931026365,0.010263926745653684,-0.8134789603233337,-5.610348357501927,-9.152779827340545,0.14461612075656483,9.900543212890625,0.0,15.580597727675922
22693155,-0.08349213519841303,0.018824437106773617,-0.7940192774529002,-5.411635087350309,-9.006585613883736,0.19390672198034764,9.900543212890625,0.0,15.554295390029438
22706292,-0.09648746684044562,0.05209801171355011,-0.7652465949470546,-5.288300510639996,-9.01379011448011,0.1458683521839248,9.900543212890625,0.0,15.528195231338032
22719568,-0.10671501106291936,0.05739503728613271,-0.7715197988952687,-5.2338070973166815,-8.803710914241968,0.2139261021475498,9.900543212890625,0.0,15.501688807387836
22732883,-0.09346710329115338,0.06538422259926802,-0.7549758328932521,-5.204735546452998,-9.086170975706281,0.19084881186455505,9.900543212890625,0.0,15.475328295608051
22746318,-0.09090564858585504,0.07639902500256901,-0.7800784972687058,-5.002353360633403,-9.03211436146006,0.1882465202403072,9.900543212890625,0.0,15.44864830293227
22759321,-0.08983293115258162,0.08038467957004936,-0.7526846561647949,-5.008508974675532,-9.198338395065669,0.12128884694710429,9.900543212890625,0.0,15.422896235366352
22772451,-0.09833346771508378,0.0660071674828977,-0.783079270863607,-4.919776674834793,-9.17006192810178,0.19983911952771116,9.900543212890625,0.0,15.397027819533832
22785790,-0.11372277348846094,0.07299408558711451,-0.7493710591222333,-4.959110592988132,-9.132206928018334,0.2199269505544006,9.900543212890625,0.0,15.370550959487446
22799567,-0.10555471423804708,0.04399440912202035,-0.7734591874442991,-5.045491376561223,-9.06142549145401,0.16473591446444402,9.900543212890625,0.0,15.34334930696059
22812774,-0.09353530400872145,0.05844780404046235,-0.7598630567716045,-5.040244942460657,-9.150596796050372,0.16764899464860683,9.900543212890625,0.0,15.317017405410297
22825857,-0.10425133310258294,0.061860495818704564,-0.7722172019882496,-4.903212751769278,-8.92462054764584,0.15193578886955983,9.900543212890625,0.0,15.290887682815082
22839456,-0.09901961835771722,0.07970740901716078,-0.7588944060312954,-4.857270391709804,-9.024410931105614,0.18527166780970994,9.900543212890625,0.0,15.264120905776508
22852704,-0.10555066696375537,0.05553623321197931,-0.7810609330455209,-4.961932624305039,-8.999079897556758,0.16966929143599963,9.900543212890625,0.0,15.237672655959614
22865923,-0.09537214277118355,0.05865201650641905,-0.7625716458103806,-5.035900050735773,-9.17622931862265,0.18382183696366816,9.900543212890625,0.0,15.211457102675922
22879078,-0.0954050733548395,0.06624600904256117,-0.7700422057482585,-4.874106657970842,-9.233842928880755,0.22609190319657202,9.900543212890625,0.0,15.185415118117817
22892561,-0.09439680882841284,0.0721451978193226,-0.7778946165205527,-4.796503809261026,-9.136055959796018,0.1571291118966034,9.900543212890625,0.0,15.158618777175434
22906199,-0.11356754952400827,0.07256799265421976,-0.7699532140233369,-4.79739536477387,-9.016558424012366,0.17964660655938047,9.900543212890625,0.0,15.131707041640766
22919515,-0.08590839780628601,0.05366809595227284,-0.7886649557387821,-4.9552367454545205,-9.140667715386009,0.1912821349756424,9.900543212890625,0.0,15.105548708816059
22932740,-0.08880140316516094,0.05735292321994945,-0.7610182255433493,-5.008376080071926,-9.351268379414975,0.24386746379092195,9.900543212890625,0.0,15.07936176576186
22946543,-0.10746751716881908,0.09787907011106656,-0.7608224571810664,-4.800352460088437,-9.120731838136912,0.28912972027644557,9.900543212890625,0.0,15.051898806472309
22959833,-0.11626208883732492,0.05605315120093568,-0.7687268149537587,-5.009593478499653,-9.069437303524321,0.21784108054645124,9.900543212890625,0.0,15.025218813796528
22973037,-0.0981061756387347,0.06492624189235285,-0.7853204890211662,-5.030665886208414,-9.113921426421108,0.15163705467723254,9.900543212890625,0.0,14.99914821900893
22986321,-0.10255822100162382,0.06581014096900817,-0.765091685782223,-4.952916613182431,-8.977435107457044,0.2516641505141557,9.900543212890625,0.0,14.97284492768813
22999959,-0.09121109372556147,0.08285995688833325,-0.775604672927483,-4.8152336368121205,-9.025637524761112,0.11403741486497232,9.900543212890625,0.0,14.945613711257465
23013230,-0.10449234329372548,0.05782108317136769,-0.7824812135595076,-4.892907828903198,-8.86567756701082,0.2066501563689105,9.900543212890625,0.0,14.919368594069965
23026406,-0.112651100966632,0.06440419208198844,-0.7616187975260607,-4.928635658659637,-8.805631133026186,0.2115330394887902,9.900543212890625,0.0,14.89306625642348
23039654,-0.08823045435637145,0.031693171125501296,-0.7902264702321586,-5.088042432531417,-9.032763520079556,0.20421355334087998,9.900543212890625,0.0,14.866791575332172
23052872,-0.0872019710561629,0.07648658584289292,-0.7880444042737036,-4.838471083117575,-8.834662689765544,0.1552637163194266,9.900543212890625,0.0,14.840604632277973
23066263,-0.12510877341836624,0.04076858267799044,-0.7687928970639399,-4.879171207392815,-8.641029407140913,0.1680966870655105,9.900543212890625,0.0,14.813982813735493
23079491,-0.0776571224203697,0.005868749988973132,-0.7982391124752155,-5.22747097739488,-9.00740191222042,0.2408715810132005,9.900543212890625,0.0,14.787767260451801
23092875,-0.05340926176816119,0.02114977554276609,-0.8161032809697089,-5.041342628049851,-8.990680601247256,0.14076974489763394,9.900543212890625,0.0,14.761174052138813
23106602,-0.09792279509633683,0.06652735524490527,-0.7934147038142374,-4.754434930468051,-8.797745054401013,0.17248072997599806,9.900543212890625,0.0,14.734087794204243
23119771,-0.11295756751358432,0.024665593560263988,-0.7861783754778653,-4.89102155604154,-8.758116646321419,0.2069528739903106,9.900543212890625,0.0,14.707900851150043
23132912,-0.09535908745437816,0.03696334751479324,-0.7986206640512483,-4.826589344294963,-8.762874094608424,0.1945334463969619,9.900543212890625,0.0,14.681858866591938
23146031,-0.09015772261381105,0.03764221812024737,-0.785063525477498,-4.720547014309616,-8.767379771052454,0.2428266024908421,9.900543212890625,0.0,14.655671923537739
23159334,-0.0822030527785409,0.05147330247558646,-0.8063664573743194,-4.574093593541683,-8.726050214782951,0.233563758653327,9.900543212890625,0.0,14.629311411757953
23172827,-0.0847052350938311,0.06863848759531987,-0.7933253136491762,-4.391711081655927,-8.609647941608731,0.17301511805802505,9.900543212890625,0.0,14.60251507081557
23186046,-0.09224603456705749,0.03975602921359256,-0.8093677870494869,-4.588958271092473,-8.569938965749746,0.16293233380176098,9.900543212890625,0.0,14.576298563857563
23199191,-0.08697875780284292,0.06538922497779187,-0.7873134584054347,-4.439525321865233,-8.588576854739937,0.221194446883052,9.900543212890625,0.0,14.550517886062153
23212467,-0.10656746044099252,0.06064964855864674,-0.7979388555453708,-4.534091941446661,-8.53489793580681,0.1871528337730446,9.900543212890625,0.0,14.524127810378559
23226210,-0.09433092637985885,0.05521874857597098,-0.7999410007298735,-4.482821975515488,-8.628404689493479,0.15349686937518392,9.900543212890625,0.0,14.496867983718403
23239468,-0.09455229394823217,0.049626584894657544,-0.8040186782419667,-4.5426370382987,-8.726842621851418,0.2124144516371178,9.900543212890625,0.0,14.470564692397602
23252599,-0.09940279100894811,0.055522958730459315,-0.7994788139718763,-4.497366291830538,-8.850067316962182,0.19090497508138426,9.900543212890625,0.0,14.44434913911391
23265818,-0.09323637454926947,0.051648769204244216,-0.8045514427385472,-4.425226156911705,-8.811795340973884,0.23075476218841828,9.900543212890625,0.0,14.41804584779311
23279026,-0.09515912018567274,0.05991397343367355,-0.7998759471037982,-4.405901830721199,-8.814557977104489,0.24120518681823988,9.900543212890625,0.0,14.39180073060561
23292468,-0.10135567100852638,0.053619975694940036,-0.8077435265744466,-4.378138974047005,-8.808198355742697,0.28694560518659706,9.900543212890625,0.0,14.365033953567035
23305588,-0.09375801348388091,0.048820472626984524,-0.8057873323300475,-4.526614027204218,-8.806657989262348,0.21463115067690453,9.900543212890625,0.0,14.338905184646137
23318708,-0.09732147842883965,0.07453323050595873,-0.7936655922099201,-4.333421971768438,-8.695053506271844,0.2604666928153474,9.900543212890625,0.0,14.312863200088032
23331942,-0.08520840869039237,0.05193606458209454,-0.8025458507535603,-4.568655122269689,-8.77431153240472,0.28751988653160687,9.900543212890625,0.0,14.286821215529926
23345356,-0.08585367793738774,0.06171344994083028,-0.8090047876064483,-4.442766643583777,-8.597130029806198,0.13857606016710378,9.900543212890625,0.0,14.260169833083637
23358560,-0.09793196012705518,0.06504418395951439,-0.805376313019841,-4.428096946135753,-8.62949997315675,0.2014319629670691,9.900543212890625,0.0,14.233896105666645
23371692,-0.09298882132202291,0.050510214916393625,-0.8069210026044402,-4.436644610847232,-8.673190806807579,0.25240434264786593,9.900543212890625,0.0,14.20785412110854
23385136,-0.08485944769740073,0.047093327006102026,-0.8098412796935435,-4.409201168827565,-8.715575534466804,0.16629015383869294,9.900543212890625,0.0,14.181115954299457
23398626,-0.0965096833720791,0.0584269911871107,-0.8115406397365774,-4.386351420539473,-8.541444142001275,0.20242918855778846,9.900543212890625,0.0,14.154377787490375
23411827,-0.09352042585521891,0.02813366705872178,-0.8204741598477217,-4.614709971386048,-8.645711688316318,0.14288954139150611,9.900543212890625,0.0,14.128220408339985
23424955,-0.08579997144311591,0.051912467233092174,-0.8105604060600688,-4.559839317571971,-8.609166736004205,0.21908572379440017,9.900543212890625,0.0,14.102265208144672
23438414,-0.10534202383398927,0.06473773787714587,-0.8148918348612639,-4.378004438071102,-8.632407973701213,0.2223610790399455,9.900543212890625,0.0,14.075498431106098
23451711,-0.0809706862634414,0.0466669976352907,-0.8309029521299145,-4.527361563630848,-8.735541816904103,0.21978340933076979,9.900543212890625,0.0,14.049310534377582
23464839,-0.09679987960189518,0.05596925124280161,-0.8085645979923752,-4.575597265931073,-8.631296103165749,0.15816055503286286,9.900543212890625,0.0,14.023153155227192
23478180,-0.09703610239535454,0.0442521373458209,-0.8271411307214187,-4.570740564032494,-8.598870705785753,0.14649501670226428,9.900543212890625,0.0,13.996559946914203
23491900,-0.09120375034421624,0.05192774261176614,-0.8112854218661782,-4.5780074107116455,-8.585295615000426,0.16731649997860032,9.900543212890625,0.0,13.969473688979633
23505265,-0.08782049946606119,0.03689135270215638,-0.8383436666473001,-4.697802100440857,-8.550697299950421,0.11955976098500187,9.900543212890625,0.0,13.943026392837055
23518368,-0.1040162227782595,0.027790334561541785,-0.8082775531809769,-4.744096702442171,-8.408574534586077,0.17505440977357445,9.900543212890625,0.0,13.917013018508442
23531620,-0.05324277136891986,0.0018516181400418663,-0.8446764241555327,-4.927620136733054,-8.757544752049746,0.1224704166436208,9.900543212890625,0.0,13.89065155305434
23544658,-0.11945153327733138,0.08909669279828658,-0.8080530706344531,-4.3962154508592235,-8.253441157693416,0.09545208235323166,9.900543212890625,0.0,13.86487087525893
23558270,-0.1174916572403899,0.02092739207260319,-0.8198909220672395,-4.658793248516773,-8.363285451432915,0.21173375853382126,9.900543212890625,0.0,13.837756007094868
23571425,-0.08637051925271688,0.04581921576611747,-0.8196188276035334,-4.540190494337381,-8.522002863453036,0.19841382382787742,9.900543212890625,0.0,13.811655848403461
23584621,-0.09055235691845365,0.07532535054244138,-0.830040572442635,-4.322535149561023,-8.412061297263957,0.15893595223464096,9.900543212890625,0.0,13.785468905349262
23598080,-0.09289940206408431,0.048071980481148024,-0.8269292896446574,-4.395951736321599,-8.453481849623621,0.22639521381586647,9.900543212890625,0.0,13.758615343947895
23611384,-0.06297726769298206,0.026116956320479945,-0.8661054342292989,-4.531113771678658,-8.697558481671361,0.17909676763512294,9.900543212890625,0.0,13.732312052627094
23624487,-0.0878411813685287,0.07071856521494713,-0.8404167337276789,-4.174633024862558,-8.5447160725838,0.22274059422932702,9.900543212890625,0.0,13.70632824220229
23637631,-0.07331323041587945,0.06861137392297434,-0.8469203275655195,-4.117073104382005,-8.559382645510286,0.18848163802474538,9.900543212890625,0.0,13.680111735244282
23651077,-0.09624069812655378,0.052737811071947416,-0.8348516609024257,-4.342296349873834,-8.468460933226648,0.15733256955914143,9.900543212890625,0.0,13.653606264968403
23664243,-0.09789600541531929,0.03733802258953456,-0.8381672635735562,-4.422469441376627,-8.40869633949131,0.13545324650213075,9.900543212890625,0.0,13.627564280410297
23677470,-0.06501381120383698,0.0558919581848385,-0.8217970666876431,-4.289180796895177,-8.576965380258262,0.3426687646773452,9.900543212890625,0.0,13.601434557815082
23690857,-0.07152763271838314,0.05861294702090358,-0.8398105690094075,-4.3077881162856535,-8.534214402240966,0.20975209700085173,9.900543212890625,0.0,13.575045435805805
23704319,-0.09117467748612063,0.06485079773634728,-0.8297697698983555,-4.2464755674090995,-8.436274441171292,0.22307710059851438,9.900543212890625,0.0,13.548452227492817
23717439,-0.08689242662787322,0.05069041013389852,-0.8477739841055865,-4.356994087439034,-8.526547676866358,0.12921047757506265,9.900543212890625,0.0,13.522410242934711
23730723,-0.08982978133529329,0.05806579402178569,-0.8544452114954586,-4.17223154611051,-8.746022023926379,0.1641187708827836,9.900543212890625,0.0,13.496165125747211
23743985,-0.09700347993552594,0.06174359820656483,-0.8325178481636195,-4.138653445643335,-8.655767117814424,0.1666712635550649,9.900543212890625,0.0,13.469948618789203
23757713,-0.10019190948486312,0.03903528066910833,-0.8547851642888036,-4.169299557005914,-8.683863951233928,0.12054286396406333,9.900543212890625,0.0,13.442746966262348
23770908,-0.10197038993149965,0.06884123280122911,-0.84459966565296,-3.917350405733437,-8.739757080504152,0.2260159352001505,9.900543212890625,0.0,13.416560023208149
23784139,-0.0926494817128769,0.052307386898771346,-0.8516051621138301,-3.9390915805549938,-8.811042650212947,0.21328520737431944,9.900543212890625,0.0,13.390198557754047
23797322,-0.08250622319221446,0.04044191452756585,-0.8553503458617628,-4.122429969291243,-8.849534491026553,0.13461058143973226,9.900543212890625,0.0,13.364069788833149
23810433,-0.10141854524880545,0.05511380199588878,-0.8500417453100528,-3.9320374799731397,-8.739698382130271,0.13186966904930664,9.900543212890625,0.0,13.338085978408344
23823872,-0.08930665281563899,0.05663843981079797,-0.8458237612573054,-4.020615440902116,-8.765436902153645,0.21091337701074764,9.900543212890625,0.0,13.31137737550307
23837046,-0.08694614314526294,0.04445932996526403,-0.8616633065067223,-4.1869107153169836,-8.674089402029363,0.18532991908043428,9.900543212890625,0.0,13.285219042678364
23850180,-0.08841491101294707,0.06853577094033358,-0.8454581769292053,-3.888580142899304,-8.787312223823822,0.22738308428525755,9.900543212890625,0.0,13.259032099624164
23863514,-0.08860978198468583,0.04806998144812913,-0.8692319511931386,-4.053546438387631,-8.89413471696675,0.199319467092975,9.900543212890625,0.0,13.232700198073871
23877306,-0.08839897448152234,0.04999805924654033,-0.865058529314398,-3.8759717764246453,-8.881491381470862,0.12541109225839442,9.900543212890625,0.0,13.205527155776508
23890812,-0.10812563813835308,0.037315450243279535,-0.8527042383409285,-4.001784943986834,-8.838298616585735,0.2076630556992427,9.900543212890625,0.0,13.17855724610854
23903964,-0.0919623987182967,0.0386146130635594,-0.8674151526061431,-3.968852988383322,-8.905994227074835,0.16526883532218584,9.900543212890625,0.0,13.152457087417133
23917001,-0.09225384738504827,0.08558580212116307,-0.8591995443990816,-3.7112160860830556,-8.69925908584938,0.12280352052018095,9.900543212890625,0.0,13.126763193984516
23930542,-0.10605328564137206,0.03821672079175742,-0.8563963009816407,-4.0584682812149815,-8.691317287891508,0.1777945422443743,9.900543212890625,0.0,13.09988006867934
23943705,-0.0937061152985681,0.050584713975563744,-0.8593452643110595,-4.105844157644508,-8.783120559431019,0.16519717737875794,9.900543212890625,0.0,13.073751299758442
23956812,-0.09959473307907496,0.048461470484286506,-0.8661849236114314,-4.1421373580806,-8.729052870699466,0.17315043022528265,9.900543212890625,0.0,13.047592966933735
23969987,-0.09641539196997817,0.03449417478419892,-0.8514362415786829,-4.2329615392103825,-8.711986594008806,0.1606719651650632,9.900543212890625,0.0,13.021579592605121
23983341,-0.10235555550664621,0.04787688375644428,-0.8738382972241183,-4.213964913767278,-8.697364595756532,0.24067377667464385,9.900543212890625,0.0,12.99530586518813
23996957,-0.09020148743003542,0.06207106533132545,-0.8465956997708233,-4.134042228179872,-8.630946226617397,0.1754459612611683,9.900543212890625,0.0,12.968219607253559
24010135,-0.11211658816933578,0.06170139238148953,-0.8457576753842826,-4.131007736394256,-8.493056397973007,0.20509978229820547,9.900543212890625,0.0,12.942265360732563
24023416,-0.11994958300799041,0.0754782957249136,-0.843407539928033,-4.06260289661855,-8.34613187467814,0.1823449013654148,9.900543212890625,0.0,12.916135638137348
24037028,-0.14962447863399886,0.05829395242519686,-0.8499774678032841,-4.151384791244865,-8.253381250876785,0.2117968287815888,9.900543212890625,0.0,12.888962595839985
24050261,-0.08298169839233083,0.02687034215189521,-0.8798364435528958,-4.2843015441451975,-8.717371140628458,0.1610593580102151,9.900543212890625,0.0,12.862688868422993
24063521,-0.08308751665145087,0.08170301893621756,-0.8651333509534593,-3.9634609626644846,-8.474990538464944,0.19986960836097545,9.900543212890625,0.0,12.836270182509907
24076652,-0.14104336826026387,0.06802203209981328,-0.8240901464493566,-4.077070381793529,-8.220584852377627,0.1918252436012029,9.900543212890625,0.0,12.8101700238185
24089786,-0.0529454618763916,-0.003086749361902008,-0.9133038860015557,-4.432637423966973,-8.751677273989621,0.14969261409089007,9.900543212890625,0.0,12.783983080764301
24103243,-0.05671737267702692,0.08556006604380939,-0.8783926579054429,-3.9824395634742125,-8.582806073479059,0.16263091789267747,9.900543212890625,0.0,12.757216303725727
24116362,-0.12358012852817701,0.06800807522557717,-0.8652386651808763,-3.9554046424429146,-8.367878927847151,0.20336684397406657,9.900543212890625,0.0,12.731289713759907
24129468,-0.09676690078943873,0.053916669076159884,-0.8741247353120887,-4.144347689121513,-8.528477518453006,0.20334863742254505,9.900543212890625,0.0,12.70533546723891
24142727,-0.09035462403595362,0.03721596295625029,-0.8907910524743796,-4.139758298565148,-8.646677532320176,0.14079786916419934,9.900543212890625,0.0,12.67909035005141
24156395,-0.09315083556264536,0.039875968523398475,-0.8877804971932619,-4.181270281146169,-8.621937985989305,0.16322243875719522,9.900543212890625,0.0,12.652120440383442
24169554,-0.08467899193048378,0.056215591943934884,-0.87827648690544,-4.121443258664755,-8.626568778629899,0.18331011542819553,9.900543212890625,0.0,12.625845759292133
24182772,-0.1085386085399973,0.0766295914795998,-0.8669993046057218,-4.023372792391331,-8.542387513505819,0.24629713944464804,9.900543212890625,0.0,12.599716990371235
24196073,-0.09393949591696193,0.0439097167365996,-0.8848826265526561,-4.2582932211506375,-8.65472157223672,0.1822525204957266,9.900543212890625,0.0,12.573385088820942
24209496,-0.0977750131699433,0.05875038347736061,-0.8889386289964607,-4.0331283375529985,-8.607266439021679,0.15125853782981658,9.900543212890625,0.0,12.546733706374653
24222757,-0.09748756312936457,0.04714674638189398,-0.875147593557462,-4.080106169493053,-8.752209160310478,0.21461696179486545,9.900543212890625,0.0,12.52040180482436
24236060,-0.0980980404561751,0.048169544375538775,-0.8992810913389917,-3.877960150631516,-8.887891528560967,0.2650050120268759,9.900543212890625,0.0,12.49389633454848
24249137,-0.0902001259693499,0.061161592309102675,-0.8848291120506069,-3.72254840405002,-8.974950769919456,0.2831681455365569,9.900543212890625,0.0,12.468027918715961
24262674,-0.09339926442921076,0.04983064829461337,-0.8832346250132472,-3.737249442081602,-8.986803649063706,0.14082457732595266,9.900543212890625,0.0,12.441116183181293
24275754,-0.08589103863298853,0.03553807262852815,-0.8936134506021425,-3.7876116604030123,-9.038078287278715,0.22210716683283316,9.900543212890625,0.0,12.415219157119282
24288910,-0.0960280136659728,0.05283344362765563,-0.8873720133051268,-3.610739456924051,-8.876580761715626,0.1462726437039663,9.900543212890625,0.0,12.389032214065082
24301970,-0.09188713739603704,0.04762899445511404,-0.8967343118598317,-3.6439785292805773,-8.952192671015418,0.11132745396382937,9.900543212890625,0.0,12.363221972365864
24315626,-0.0863079128050801,0.04006551094695965,-0.8974122499059138,-3.703058951182811,-8.931281285606921,0.1974520473222423,9.900543212890625,0.0,12.336280672927387
24328751,-0.09978540273070236,0.04383534417264201,-0.8853352811149495,-3.795686700275091,-8.862535946189762,0.18829237377680919,9.900543212890625,0.0,12.310181467910297
24341851,-0.0981807465702289,0.03448306544341162,-0.9075758253791184,-3.8051328979972006,-8.844998155595068,0.20367786451570602,9.900543212890625,0.0,12.284138529677875
24355178,-0.09840461090922314,0.04865654445670575,-0.8901858011195802,-3.68051258092731,-9.018605046450798,0.2757260506693253,9.900543212890625,0.0,12.257574885268696
24368656,-0.09857856542318943,0.05009575161516722,-0.8878608765792837,-3.687428964406248,-8.993963195982875,0.22269602092891816,9.900543212890625,0.0,12.23074993409682
24381720,-0.09058352303862494,0.026483177417665482,-0.9139856789027139,-3.8082474097694465,-9.063779058426174,0.10821217903673563,9.900543212890625,0.0,12.204679339309223
24395161,-0.1073088903263204,0.05035489135809246,-0.9045076549672331,-3.6274781065104875,-8.893529564989365,0.16571037797786126,9.900543212890625,0.0,12.177969782729633
24408294,-0.08520576676100422,0.03310371530659517,-0.9000787435083835,-3.752596013498753,-9.020834198350457,0.22968532354988014,9.900543212890625,0.0,12.151724665542133
24421645,-0.08995463839083806,0.04949517438314888,-0.9094961665213841,-3.5598588055300695,-8.91822446794972,0.18103718079917108,9.900543212890625,0.0,12.125364153762348
24435054,-0.10421024621099129,0.054163516716287274,-0.9028583913881327,-3.6671533645857863,-8.680682653027926,0.13505995405189708,9.900543212890625,0.0,12.098887293715961
24448417,-0.09217324277043248,0.028246308233812467,-0.9060099580838523,-3.884619667488785,-8.826640298534933,0.21647811857990895,9.900543212890625,0.0,12.072439043899067
24461512,-0.09099836287587859,0.06679522753678291,-0.8950531434322144,-3.64695009363189,-8.781902350402177,0.22366961650170225,9.900543212890625,0.0,12.046513407607563
24475212,-0.08966328203797325,0.030704381191656305,-0.9131742713484909,-4.133422649916113,-8.727991385157555,0.22768143306217858,9.900543212890625,0.0,12.019195406814106
24488570,-0.09372834564298316,0.05640983929380816,-0.9205722779820862,-3.7797538362772727,-8.680557311404648,0.19145605632468943,9.900543212890625,0.0,11.992602198501118
24501706,-0.09569256791114711,0.027226212594360533,-0.9047631486369667,-4.033476013820469,-8.70230969253451,0.11557528531774786,9.900543212890625,0.0,11.966530650039203
24514983,-0.10326129520595018,0.014239426493421359,-0.9147626004677267,-4.048417397416831,-8.647017578309029,0.22251296286977862,9.900543212890625,0.0,11.940170138259418
24528066,-0.06330456972598952,-0.028791842986195748,-0.9573546158628163,-4.326038691426817,-8.982211537730102,0.1980621290932607,9.900543212890625,0.0,11.914156763930805
24541592,-0.04837110896050856,0.03316693478167099,-0.9357023911932103,-3.9742322616507124,-8.86341072806567,0.13855223985701848,9.900543212890625,0.0,11.887158244033344
24554695,-0.1252331135398146,0.07137400017187012,-0.8940871264149246,-3.7019638979645073,-8.351960636742565,0.1376792600727068,9.900543212890625,0.0,11.861261217971332
24567988,-0.10043573279470142,0.010994691418036773,-0.9290765727416428,-3.975388617736698,-8.701978077574374,0.2359384286434203,9.900543212890625,0.0,11.83489975251723
24581207,-0.07827815416723416,0.09620599245958039,-0.9352708021707077,-3.5919758199621725,-8.635510403108754,0.11017288488976718,9.900543212890625,0.0,11.80874237336684
24594893,-0.12241659276515193,0.07833699414901463,-0.9183231978300963,-3.5970848384612815,-8.476805470277224,0.1838786862158024,9.900543212890625,0.0,11.781569331069477
24608029,-0.10787935282230254,0.039867278370261605,-0.9318348733764887,-3.7633402936829583,-8.636691574326306,0.18425414713814803,9.900543212890625,0.0,11.755352824111469
24621248,-0.11489398015886465,0.048305086074844183,-0.9381265544473374,-3.7622638276155307,-8.687931007903515,0.2370791870858504,9.900543212890625,0.0,11.729282229323871
24634819,-0.09501831266641547,0.024971141986251055,-0.9434218149808036,-3.8778693344520043,-8.806698505494595,0.21654129401504818,9.900543212890625,0.0,11.702312319655903
24648078,-0.08287679591685437,0.028681635618508006,-0.9457571229195585,-3.8825618832640316,-8.890602710400529,0.18048367436945334,9.900543212890625,0.0,11.676009028335102
24661304,-0.10251652035832315,0.04763957259565643,-0.9487896433985235,-3.7152342689113347,-8.728921594295802,0.19922867767453134,9.900543212890625,0.0,11.649763911147602
24674656,-0.11306587592929551,0.05743218754373536,-0.9500030264774706,-3.731048955082894,-8.68239430361033,0.17339706473357985,9.900543212890625,0.0,11.623345225234516
24688235,-0.09894433621972709,0.04615283523105096,-0.9542050810012963,-3.751860358344917,-8.794864052016742,0.23045330891914517,9.900543212890625,0.0,11.596490710158832
24701355,-0.10285879003703524,0.0364804508548231,-0.9533036461699744,-3.8816714923384765,-8.880365684537889,0.2066932730761888,9.900543212890625,0.0,11.570710032363422
24714614,-0.10350425371974659,0.053141609342173046,-0.9462107334902132,-3.6609847479291275,-8.835549612197283,0.10206001888952976,9.900543212890625,0.0,11.544319956679828
24727953,-0.09656098305821281,0.02500407530196047,-0.9821847813608491,-3.6269104970277866,-9.039330648694637,0.1544693513413513,9.900543212890625,0.0,11.517901270766743
24741705,-0.09747372026979839,0.048399096490145066,-0.9526113231441373,-3.4834399586428653,-9.120505401168764,0.17817941950887395,9.900543212890625,0.0,11.490495531936176
24754957,-0.11003429891109384,0.033263134444356135,-0.9627956962028135,-3.484795904059858,-9.122592840431338,0.17980284622907483,9.900543212890625,0.0,11.464308588881977
24768041,-0.09081036638051243,0.021935081710666493,-0.9691757862450174,-3.544791489254532,-9.205145427190363,0.15182565857156938,9.900543212890625,0.0,11.438469736953266
24781277,-0.11715171774387301,0.05517516283825041,-0.941320332887619,-3.319209554279297,-9.083425714402647,0.29617429202526857,9.900543212890625,0.0,11.41205105104018
24794731,-0.1047506758004424,0.048720543027073404,-0.9665561762894681,-3.291717217978384,-9.11151433787525,0.15931444528326288,9.900543212890625,0.0,11.385342448134907
24808344,-0.09862078384160933,0.04387417828820683,-0.9704025482422853,-3.4002980622790773,-9.0932998683095,0.17707254827566388,9.900543212890625,0.0,11.358314364333637
24821577,-0.09428930954009207,0.04263306871138561,-0.9698290175462514,-3.5123627645392723,-9.088043099153936,0.20107272674657217,9.900543212890625,0.0,11.332069247146137
24834894,-0.0920876736062759,0.03315854703046428,-0.9754703792124237,-3.5716844071635663,-9.119543842349795,0.21140944688983332,9.900543212890625,0.0,11.305620997329243
24848151,-0.1003984219881886,0.022391035763547285,-0.9964279983467597,-3.6552140367691273,-9.038905689086771,0.17979100143395144,9.900543212890625,0.0,11.279114573379047
24861892,-0.09814098823070472,0.048049509423152115,-0.9899512447103103,-3.5293227851013853,-9.23968142549619,0.17746320874132238,9.900543212890625,0.0,11.2518843106227
24875063,-0.10941909455567522,0.033037789619341895,-0.98305820311211,-3.6918378687158224,-9.176389486677053,0.24081060624413198,9.900543212890625,0.0,11.2256973675685
24888305,-0.0818129664814462,0.04261819082237772,-0.9798300331016625,-3.6729712292152676,-9.349280398934187,0.20968810350976774,9.900543212890625,0.0,11.199480860610493
24901446,-0.09586740795642035,0.04492514610648146,-0.9837505921006198,-3.6204844487644756,-9.085591103056224,0.2398234061218787,9.900543212890625,0.0,11.173235743422993
24914923,-0.0825360863813751,0.041299731642156834,-0.9967185709582269,-3.7721796495674553,-9.19803951540813,0.16188966949194672,9.900543212890625,0.0,11.146440356154926
24928138,-0.0983365437114232,0.04679160157665696,-1.0015316001351167,-3.5801897403244674,-9.034889967236072,0.1876066493508226,9.900543212890625,0.0,11.119992106338032
24941440,-0.11034623019575918,0.042489466977715606,-0.9975917250168322,-3.6510202456545784,-8.999960521596378,0.189145917178692,9.900543212890625,0.0,11.093457072158344
24954430,-0.10380969380080618,0.06648387426085822,-0.9952920948319877,-3.6047621972289683,-8.958581867442433,0.1998933221172532,9.900543212890625,0.0,11.067791788955219
24967804,-0.09612425526916901,0.026722771132812406,-1.0056974719057221,-3.9670365238384946,-8.972770252786429,0.12504682054422744,9.900543212890625,0.0,11.04122814454604
24981230,-0.09025774118512775,0.058297914795726546,-1.0035006897290044,-3.707196573211103,-8.967411246931405,0.20564138848900804,9.900543212890625,0.0,11.014634936233051
24994584,-0.09652409466981782,0.045594450779110174,-1.0043019902841737,-3.7490860697478077,-8.884477969190183,0.20647908578470187,9.900543212890625,0.0,10.98801311769057
25007998,-0.145363715659379,0.05449209811531053,-0.9907362317607546,-3.659834574645611,-8.661899070764335,0.198159146288857,9.900543212890625,0.0,10.961361735244282
25021715,-0.12850236636936563,0.05134642812676771,-0.9880748920702187,-3.648797681331189,-8.616692176827048,0.15515753144390843,9.900543212890625,0.0,10.934276430984028
25034986,-0.08526710253000136,0.007332166971713683,-1.0212606592194735,-3.915467482912689,-8.962676985813534,0.14770587823688963,9.900543212890625,0.0,10.907914965529926
25048199,-0.0636290183871977,0.08344429248012619,-1.0305751956345883,-3.4605429298347232,-8.992519631243049,0.16442178107164906,9.900543212890625,0.0,10.881641238112934
25061316,-0.1085539887773983,0.05574077601842631,-0.9846487325603501,-3.5522333538211868,-8.696970046710522,0.2290835626774257,9.900543212890625,0.0,10.855482905288227
25074595,-0.06111340715825486,-0.008132356159090692,-1.0634457692021124,-3.8903029915675518,-9.162803206407727,0.14544966845542007,9.900543212890625,0.0,10.829179613967426
25088119,-0.06668853744417369,0.020833036868944887,-1.0334351326658568,-3.8079450368389445,-9.060742131548523,0.15413187768630543,9.900543212890625,0.0,10.802326052566059
25101348,-0.0809662282201642,0.0364001452554763,-1.0262964895872768,-3.610858061521945,-9.020808213390115,0.21700308646961908,9.900543212890625,0.0,10.776167719741352
25114481,-0.08113291456878136,0.06281374998241684,-1.0424444662448762,-3.3774732125513225,-9.049476673620791,0.18553069089665897,9.900543212890625,0.0,10.750242083449848
25127778,-0.12289350699186263,0.060994687150568216,-1.0120500174243743,-3.2920740986298007,-8.80157926458612,0.2271317565384514,9.900543212890625,0.0,10.723590701003559
25141500,-0.10944432930231018,0.026450598051324548,-1.0277499541135873,-3.386376274491848,-8.981216771497728,0.16631101748876276,9.900543212890625,0.0,10.696678965468891
25154825,-0.09226675824314245,0.03900225170671945,-1.0284304236036537,-3.3938705070292947,-9.031968953148724,0.18117616210103016,9.900543212890625,0.0,10.670172541518696
25167937,-0.09984565078645824,0.04387652548879406,-1.0347693883803482,-3.351732164820728,-9.024198350425067,0.2541065349549054,9.900543212890625,0.0,10.643928378005512
25181130,-0.10053730545639894,0.031005544432848753,-1.0325695835460715,-3.483275558440834,-9.086880505031793,0.1877186459124065,9.900543212890625,0.0,10.617625086684711
25194377,-0.1005836169403782,0.050474478078931684,-1.037242070709616,-3.3982248717340795,-9.10725804200262,0.2519926635722811,9.900543212890625,0.0,10.591351359267719
25207956,-0.09655305300265526,0.04726478877462492,-1.0380473037721947,-3.507602246504721,-9.18119654411197,0.17745203266732368,9.900543212890625,0.0,10.564265101333149
25221054,-0.0990709494283788,0.033407242245450997,-1.0534449149795613,-3.448902519415018,-9.216366086005866,0.13561875384114686,9.900543212890625,0.0,10.538368075271137
25234482,-0.10638796365052405,0.050286601381674734,-1.0579900383188567,-3.2845592356726527,-9.28112933211029,0.1789117444234325,9.900543212890625,0.0,10.511659472365864
25247871,-0.1274169418278328,0.04512672429598896,-1.043623837770447,-3.253113167368472,-9.21025622349918,0.14185102431826202,9.900543212890625,0.0,10.484978526015766
25261372,-0.11180812796026363,0.028766580943614395,-1.0528942402838162,-3.218577153885665,-9.359887762779,0.20860737333282664,9.900543212890625,0.0,10.458096354384907
25274473,-0.09063129883736298,0.04278758644074254,-1.0482718621513252,-3.1703434368181256,-9.463599683090749,0.2813266484326107,9.900543212890625,0.0,10.43225654878188
25287787,-0.1010474963760366,0.05546318528048766,-1.061124332097843,-2.970803815870134,-9.46432807284102,0.20270435374520623,9.900543212890625,0.0,10.405867426772602
25301215,-0.10142868473738353,0.03676715020135046,-1.0620576892344653,-3.1260350021596253,-9.395807033268369,0.26063203797400014,9.900543212890625,0.0,10.379274218459614
25314357,-0.1082920935338727,0.028899120197817707,-1.069515364595726,-3.253933955047728,-9.424803570646944,0.24919771708019134,9.900543212890625,0.0,10.353145449538715
25327498,-0.09745996264100043,0.02874608994647887,-1.0673725523670008,-3.2216659358918633,-9.416580089607834,0.08945716272905457,9.900543212890625,0.0,10.32710346498061
25340607,-0.0964775560298552,0.03568448235705546,-1.0759583897565301,-3.279013177472951,-9.385697471515837,0.2071235506792366,9.900543212890625,0.0,10.301060526748188
25354004,-0.10358383065611054,0.04122143385224075,-1.0722730752623821,-3.3183173464444273,-9.448404477943779,0.1168737783060223,9.900543212890625,0.0,10.274468272109516
25367366,-0.10835955791860741,0.02902492407329449,-1.0817349378459893,-3.168127441836745,-9.625814329385612,0.16164532601542625,9.900543212890625,0.0,10.24796184815932
25380359,-0.0962893562328806,0.029061388191208515,-1.0804722452912472,-3.3742457756376254,-9.579674035354259,0.1244644383645781,9.900543212890625,0.0,10.22218117036391
25393847,-0.11903969795376046,0.03549930111132582,-1.0735737006614343,-3.0820342208896605,-9.494116141215713,0.11843540043674317,9.900543212890625,0.0,10.19555935182143
25407554,-0.10429615522414348,0.03511960405394454,-1.0946526071573794,-3.26961240238294,-9.468437644630225,0.22261911441355942,9.900543212890625,0.0,10.168386309524067
25420903,-0.10390757361262981,0.03886630964443105,-1.0684119407464552,-3.3421627252607067,-9.474306570379888,0.21697792528241777,9.900543212890625,0.0,10.14190944947768
25434111,-0.11324654970884218,0.0366364293407655,-1.0879832040221231,-3.287841214647891,-9.447926254013481,0.18915972680277982,9.900543212890625,0.0,10.11560615815688
25447212,-0.09454158195912754,0.05093606583833732,-1.0821732424998283,-3.327043476500954,-9.520841533026545,0.20696702872201733,9.900543212890625,0.0,10.08941921510268
25460452,-0.12487012516677298,0.04602698173902975,-1.101743575970902,-3.3445221285936277,-9.4470340725562,0.19536251245774316,9.900543212890625,0.0,10.063202708144672
25474054,-0.10563652566164627,0.02981389505140508,-1.0761332086903597,-3.4644842697897538,-9.479352598547937,0.2135551947806018,9.900543212890625,0.0,10.036290972610004
25487280,-0.10082702631622498,0.04378823495343376,-1.097615208710283,-3.47587746115029,-9.492603080337943,0.1570545808060455,9.900543212890625,0.0,10.010017245193012
25500481,-0.11429069355368471,0.029223943440169542,-1.1000832964654261,-3.3394274499073653,-9.455175120004718,0.2032796087531743,9.900543212890625,0.0,9.983800738235004
25513810,-0.11485766173720302,0.034254740403071304,-1.0902075266661484,-3.301046861056385,-9.303190190649033,0.15708244272820515,9.900543212890625,0.0,9.957207529922016
25527516,-0.11492174465119787,0.023765812079087123,-1.106569461870416,-3.348159544544817,-9.238529799428285,0.20116457996271464,9.900543212890625,0.0,9.930064051528461
25540761,-0.0799046454352137,0.045079747575074824,-1.1284248304270195,-3.262862842599752,-9.357530505415504,0.17823202064767507,9.900543212890625,0.0,9.903732149978168
25553958,-0.10791198361188092,0.05271544683754503,-1.10712881199479,-3.1038127216911313,-9.21925629141003,0.23533738946169613,9.900543212890625,0.0,9.877428858657368
25567064,-0.09106122327268018,0.013786787083074792,-1.1116804683024428,-3.2609034146741003,-9.330314120175249,0.16928311735548007,9.900543212890625,0.0,9.851445048232563
25580572,-0.08735502520084326,0.048313761037737324,-1.1381809068147826,-3.097372974171936,-9.348755088517073,0.14706846629008652,9.900543212890625,0.0,9.82459053315688
25593955,-0.09917183399647422,0.015141896143183509,-1.1130015135440976,-3.192997490521819,-9.344758033747823,0.1926891349782771,9.900543212890625,0.0,9.798143237014301
25607088,-0.09461966851383341,0.04191113151088377,-1.1411785976801818,-2.9768007470850613,-9.39762967923388,0.19578941499441882,9.900543212890625,0.0,9.772101252456196
25620282,-0.09724631627529767,0.023402669945508547,-1.1459840560220176,-3.009257010839285,-9.395516435309649,0.1928021414552621,9.900543212890625,0.0,9.745826571364887
25633527,-0.0818214979717129,0.02236983148835603,-1.1528338682643327,-3.086603524797411,-9.469970103461897,0.14176240178965038,9.900543212890625,0.0,9.719552843947895
25647028,-0.08052005437254817,0.03149720114752674,-1.1379438198669245,-2.915282431727949,-9.562946593984663,0.19816105876848056,9.900543212890625,0.0,9.692931025405414
25660256,-0.09085799693137364,0.054095538982898095,-1.1455476377753904,-2.7810292805649404,-9.258161508660471,0.2105846696180098,9.900543212890625,0.0,9.666599123855121
25673474,-0.10308360789745974,0.0362317509297283,-1.1303465945424884,-2.9445061257776644,-9.356114910374288,0.18639181538514826,9.900543212890625,0.0,9.640470354934223
25687333,-0.12695813270926415,0.0327218392534554,-1.136529136169404,-2.9422859817086184,-9.133205964476318,0.10876139913767524,9.900543212890625,0.0,9.612919657607563
25700684,-0.10100411767095263,0.045312557599470615,-1.1544697838462135,-2.969111231388599,-9.537204201481497,0.23753625743917972,9.900543212890625,0.0,9.586472361464985
25713819,-0.10354961488783232,0.028978630072996614,-1.1654634715706855,-2.88244429909885,-9.558984236802758,0.17050240509338543,9.900543212890625,0.0,9.560603945632465
25726950,-0.10177497605144925,0.05821909116342705,-1.1618193609587841,-2.8211722800092396,-9.7342367572479,0.2163327450868504,9.900543212890625,0.0,9.534678309340961
25740238,-0.11015980550914861,0.03616746578909469,-1.1426440520878876,-2.815165908509492,-9.75642602231235,0.21996179861091036,9.900543212890625,0.0,9.508288233657368
25753939,-0.11419448105960983,0.012494032375365727,-1.1853936994884906,-2.961360792893469,-9.73096122025013,0.1619531940828267,9.900543212890625,0.0,9.480998843093403
25767148,-0.08992074835806996,0.024894929926246645,-1.1717464578773074,-2.7903274040040387,-10.03335095213026,0.19188408570930449,9.900543212890625,0.0,9.454638331313618
25780364,-0.10458092912793093,0.06731476789437241,-1.1663952167085556,-2.5686951636317374,-9.875498531673852,0.24057047465182713,9.900543212890625,0.0,9.428451388259418
25793773,-0.10443307432800442,0.041670757343247766,-1.160392758196517,-2.6888028084839917,-9.89084721742794,0.15642279346175414,9.900543212890625,0.0,9.402003138442524
25807388,-0.1121812320607889,0.028050948286802102,-1.1856885811464482,-2.7419579661275435,-9.898546256719982,0.20108531775891691,9.900543212890625,0.0,9.374975054641254
25820629,-0.1127853049215668,0.0379955276247117,-1.1723601703564075,-2.8150768364703644,-9.785062751557827,0.14980435488112143,9.900543212890625,0.0,9.348788111587055
25833660,-0.09257104746073397,0.040341187023297476,-1.1688027438207707,-2.70504912892088,-9.892967474558208,0.30452872815765275,9.900543212890625,0.0,9.32280430116225
25846780,-0.11521036014526986,0.04774572816573097,-1.1962266608998915,-2.8066312199954666,-9.766921088340432,0.1860438826438049,9.900543212890625,0.0,9.296790926833637
25860365,-0.09960767541766113,0.034895463986322595,-1.1872675104445962,-2.863180698009433,-9.947120780102011,0.2426446923074863,9.900543212890625,0.0,9.269762843032368
25873564,-0.08990727166682433,0.012101941750422673,-1.1945785362895576,-3.0167048363521722,-10.157058692738712,0.10021571469269652,9.900543212890625,0.0,9.243547289748676
25887047,-0.12147579553991505,0.025946159389690138,-1.1858352993588896,-2.9360624356377087,-9.961193063875442,0.1960455973466484,9.900543212890625,0.0,9.2166641644435
25900231,-0.10659311314314524,0.022308247549310822,-1.1877891378196326,-2.8799943372723433,-9.990915311589244,0.196600894030853,9.900543212890625,0.0,9.190505831618793
25913613,-0.09588021655410461,0.02101286422543258,-1.2022463975942879,-3.1204892937707953,-10.011325779716078,0.2534820004481819,9.900543212890625,0.0,9.163912623305805
25927094,-0.09899286177039057,0.04478316340640198,-1.186828602696508,-2.891172803929752,-9.917741855500346,0.1815360082499673,9.900543212890625,0.0,9.137117236037739
25940309,-0.10637387068599402,0.04715770258776919,-1.1806406918997316,-2.9748589716756335,-9.86086178295404,0.23613128090627455,9.900543212890625,0.0,9.110872118850239
25953696,-0.11987766703337366,0.04298475794032286,-1.1921511082689458,-2.9994202579067633,-9.745897339091155,0.1429197604778416,9.900543212890625,0.0,9.08427891053725
25967307,-0.12006693698525339,0.04248760398164397,-1.1874974266706406,-3.0560589998011274,-9.746153925680371,0.271195509940684,9.900543212890625,0.0,9.057164042373188
25980659,-0.10156777815729301,0.017741554180905394,-1.2045622158420821,-3.2422020485526346,-9.949874548331799,0.18247165839023793,9.900543212890625,0.0,9.030715792556293
25993883,-0.09480229890912639,0.02847159236796193,-1.201998547009154,-3.1547974023002396,-9.832952783479097,0.1510782421239476,9.900543212890625,0.0,9.004645197768696
26007133,-0.10914334311723684,0.07103176425129187,-1.1799246922990676,-2.8117196949288257,-9.709353696324527,0.23843710002720364,9.900543212890625,0.0,8.978400080581196
26020151,-0.12883155305385507,0.041002858172282775,-1.1885663238135713,-3.028878206058444,-9.570503348562422,0.2662651349911833,9.900543212890625,0.0,8.952328532119282
26033850,-0.10182125731736313,0.0021417565155779084,-1.1827563865631063,-3.1608792569492756,-9.579361143841297,0.18257057196654536,9.900543212890625,0.0,8.925185053725727
26046992,-0.11970779574871049,0.05292422405466435,-1.1765406933517752,-3.0003662190224176,-9.438902942088102,0.19499080850303052,9.900543212890625,0.0,8.899259417434223
26060106,-0.11909101627141183,0.024529965823814726,-1.1807797627455727,-2.9582064195546494,-9.501900566911697,0.21830515033341946,9.900543212890625,0.0,8.873101084609516
26073393,-0.1017759051603071,0.03962758358076224,-1.2062387474559246,-2.9105978716087364,-9.556345693708362,0.17963358432486665,9.900543212890625,0.0,8.846797793288715
26087164,-0.11779248084992133,0.04500607102535681,-1.182557969971671,-2.919336371100247,-9.482517400679889,0.1691902816686781,9.900543212890625,0.0,8.819509356399067
26100446,-0.09636763012528338,0.03486676851950632,-1.19258224908568,-2.8457806218491477,-9.574092534757405,0.20432156807206603,9.900543212890625,0.0,8.793002932448871
26113461,-0.12492072631835871,0.06800474332407158,-1.1786167583982632,-2.712033082350647,-9.380988467552815,0.22564197024404997,9.900543212890625,0.0,8.767250864882953
26126716,-0.1430928222328416,0.022040285390094283,-1.179575935007259,-2.928979236721254,-9.267033675204665,0.2630628220502249,9.900543212890625,0.0,8.740890353103168
26140226,-0.11305870210856117,0.006844558450207261,-1.1982621980217845,-2.954364394859823,-9.496573333514782,0.16006675860159092,9.900543212890625,0.0,8.71383270539809
26153509,-0.06964786475002693,0.011217725378275256,-1.2018455097264038,-2.955344720600248,-9.607742754180734,0.22894900473386137,9.900543212890625,0.0,8.687355845351703
26166709,-0.10495872330635692,0.02822121185012194,-1.1976553206103286,-2.8248724323123717,-9.47908117313564,0.10628744427941861,9.900543212890625,0.0,8.661372034926899
26179973,-0.09506839152306235,0.008159292865619339,-1.1935204109541315,-2.8820715958899292,-9.435811289768818,0.17430986817903893,9.900543212890625,0.0,8.635010569472797
26193397,-0.09340226653903638,0.029509641787931473,-1.2168080097664138,-2.706223095411808,-9.66454012411014,0.12853505915813024,9.900543212890625,0.0,8.608301966567524
26206684,-0.1068834738677733,0.020087936633676584,-1.1925535016037516,-2.801698428150413,-9.596454208971863,0.21690318253532226,9.900543212890625,0.0,8.581941454787739
26219841,-0.10091020017504615,0.04297714196734148,-1.2031050745297218,-2.647470959533152,-9.727506308831572,0.16731254124499806,9.900543212890625,0.0,8.555841296096332
26233101,-0.10775047019928596,0.04865790727317365,-1.1951671057313682,-2.5581402204218477,-9.86073448692769,0.24835605638414648,9.900543212890625,0.0,8.529769747634418
26246791,-0.11068870978355339,0.03926451793886754,-1.1865442316486678,-2.5051342782481,-9.916677767182744,0.2678433120263364,9.900543212890625,0.0,8.502626269240864
26260099,-0.105377987378239,0.015665352491662565,-1.2036624901212,-2.622978187586064,-10.016412706962527,0.11087685307271755,9.900543212890625,0.0,8.47629436769057
26273296,-0.12906993605852035,0.05381872075572658,-1.1785704132454091,-2.457472042098644,-9.734967745101752,0.13785941063120966,9.900543212890625,0.0,8.450077860732563
26286675,-0.11711559258431148,0.02937983085744089,-1.1873252140492934,-2.4606575535184163,-9.85198612209231,0.21307219106562236,9.900543212890625,0.0,8.423456042190082
26299872,-0.12527837336599745,0.01535161436222543,-1.1959971256390949,-2.6242049018214715,-9.809900787853753,0.2351751318617925,9.900543212890625,0.0,8.397442667861469
26313256,-0.1102185752040139,0.041301614721343416,-1.1983622471732636,-2.3702811184926347,-9.886723429812942,0.2133970539348553,9.900543212890625,0.0,8.370762675185688
26326469,-0.12141183977812409,0.028775279030874623,-1.172718360470756,-2.4782941490431156,-9.740670646614433,0.12590186722479757,9.900543212890625,0.0,8.344547121901996
26339699,-0.11051645799249377,0.024730540761873643,-1.2108680504495641,-2.5000624180483797,-9.847018293608727,0.18758319773919752,9.900543212890625,0.0,8.318360178847797
26353231,-0.12263714402764947,0.028564211034700415,-1.1810697475749992,-2.5458485249292906,-9.833424839469494,0.06928658980376845,9.900543212890625,0.0,8.291477053542621
26366352,-0.11052231129646284,0.024543671565204983,-1.1929983800928277,-2.5949832708626985,-10.056069738309684,0.25080836800768935,9.900543212890625,0.0,8.265376894851215
26379493,-0.12781860916346233,0.04116549088411059,-1.1765027446407812,-2.5518363255320438,-9.95016258337602,0.1659582081659874,9.900543212890625,0.0,8.239451258559711
26392905,-0.13011424768864988,0.036642784343064116,-1.1872582181796432,-2.439738360645329,-9.853366001532823,0.11342120845302794,9.900543212890625,0.0,8.212916224380024
26406149,-0.1099571762788285,0.024556108259707887,-1.1725594654195,-2.750447056859283,-9.895831951307802,0.20917684131503123,9.900543212890625,0.0,8.186554758925922
26419743,-0.0975479983317844,0.026677432020828507,-1.1898497885758417,-2.7878040044328536,-9.944270164365772,0.17215346886254856,9.900543212890625,0.0,8.159556239028461
26433162,-0.10658193432867424,0.03389797557130514,-1.1739832640747725,-2.851681576899587,-9.806847314661145,0.20260553345784515,9.900543212890625,0.0,8.133021204848774
26446260,-0.11291627425223494,0.04021944260381205,-1.1732369257358455,-2.7670984856758984,-9.82304531429783,0.19206274355553,9.900543212890625,0.0,8.107094614882953
26459511,-0.09920166665196373,0.019188001153618295,-1.1910287389133867,-2.898061245631723,-9.889189542517812,0.20064560152172994,9.900543212890625,0.0,8.080675928969868
26472682,-0.09879664174437419,0.038312300318404935,-1.174293967995121,-2.7311781347075126,-9.897020324949622,0.21068451651133557,9.900543212890625,0.0,8.05451759614516
26486170,-0.08143914259791263,0.037095446878299354,-1.1860424435619255,-2.663172037362159,-9.8560473082313,0.20369358487345046,9.900543212890625,0.0,8.027664034743793
26499321,-0.12904646028727207,0.07770523887217085,-1.1530896362915621,-2.319345680920037,-9.510917940358222,0.19721457429379008,9.900543212890625,0.0,8.00173839845229
26512319,-0.1341379359626762,-0.014585972895622135,-1.1721941737610093,-2.843353775792121,-9.570271895609796,0.14792735155075754,9.900543212890625,0.0,7.976159899611957
26525743,-0.12142668031841364,0.020095867164656944,-1.1578843065691737,-2.6697133249685194,-9.419130137811901,0.17268002027787155,9.900543212890625,0.0,7.949567168136127
26538957,-0.11523476258844045,0.029782835514470918,-1.137713086603954,-2.5082030732493124,-9.446684902282804,0.18007947744630215,9.900543212890625,0.0,7.923351138015278
26552234,-0.08465572407394584,-0.009763132237195826,-1.1811122581714395,-2.695268499857633,-9.631635513741521,0.17493928371086653,9.900543212890625,0.0,7.897076933761127
26565366,-0.07796537449538654,0.021226208228767307,-1.1905189635077118,-2.633653691862669,-9.662656289167252,0.1669718083389089,9.900543212890625,0.0,7.871150820632465
26578911,-0.07205687429457885,0.06302462462328418,-1.1728613247290998,-2.317085366593446,-9.55038177872196,0.1906921194078759,9.900543212890625,0.0,7.844268172164448
26592204,-0.10227873082041627,0.0826412016650293,-1.1575556345701958,-2.134291770767419,-9.353069221974021,0.1864244396132957,9.900543212890625,0.0,7.817907183547504
26605286,-0.15329748203188087,0.05167910526357633,-1.1305029908702515,-2.131701881100092,-9.116494696545459,0.22423165308169857,9.900543212890625,0.0,7.791922896285541
26618564,-0.08596832604855242,0.010500295453965913,-1.1595634446746113,-2.455382182096095,-9.473558825387066,0.19684266260206762,9.900543212890625,0.0,7.765706866164692
26632371,-0.10115788018703409,0.0374189874500781,-1.165924393088444,-2.308511261690107,-9.394742862230839,0.13639380509965093,9.900543212890625,0.0,7.7385338238673285
26645597,-0.10763142101585776,0.03550955231711295,-1.1463589590288699,-2.2243146466176213,-9.188488264129912,0.15573521386176203,9.900543212890625,0.0,7.712289183516987
26658678,-0.11144949101984425,0.031001967932731356,-1.1454226735888415,-2.326284215437184,-9.343302100447715,0.14999124332800662,9.900543212890625,0.0,7.686304896255024
26671816,-0.09988710446059645,0.022417902083471608,-1.1665869521286334,-2.19634893234074,-9.209401160319892,0.10819022668190392,9.900543212890625,0.0,7.660291998763569
26685320,-0.09168032263040482,0.04058437058545672,-1.1541077353259173,-2.3057698129633053,-9.415152529627086,0.19290515141896947,9.900543212890625,0.0,7.633437960525043
26698692,-0.10086375968277395,0.03576144220776878,-1.1595075540437545,-2.253157967715559,-9.49508961261973,0.12496477845437859,9.900543212890625,0.0,7.606961100478657
26711817,-0.09630413426041518,0.04280031589739086,-1.1576549714741846,-2.186302533812821,-9.603931523732989,0.20480674489878048,9.900543212890625,0.0,7.580919115920551
26725003,-0.10395766568302989,0.02531038351178183,-1.1350598208984737,-2.3556509063769866,-9.618238072478473,0.246116220340431,9.900543212890625,0.0,7.554558127303608
26738455,-0.10349435729771805,0.013995931445509369,-1.1645018148823079,-2.3870556649097807,-9.819948619826885,0.08510330472678085,9.900543212890625,0.0,7.5279649189906195
26751679,-0.10517494606017985,0.02728760908640937,-1.1317988620834791,-2.1940784143351024,-9.785888220834735,0.20939647905461634,9.900543212890625,0.0,7.501981108565815
26764768,-0.12277040431618591,0.016848929433748605,-1.1491365103713411,-2.2464796657098844,-9.680998054535983,0.1271157510785006,9.900543212890625,0.0,7.475939124007709
26778421,-0.11455036940604346,0.011575875920877499,-1.160407609106377,-2.279521597851371,-9.806547248898148,0.24893299144215675,9.900543212890625,0.0,7.448852866073139
26791686,-0.10328722409695335,0.027609843880832763,-1.1338384785038222,-2.102150027956519,-9.755226706873774,0.24815455760806948,9.900543212890625,0.0,7.422376006026752
26804955,-0.11672791682571093,0.034671243364885695,-1.150175989731773,-2.132770419865402,-9.711220669955615,0.2085550612588971,9.900543212890625,0.0,7.396130888839252
26818232,-0.1176528694811454,0.02617642063029124,-1.1480199874296035,-2.1108797034181634,-9.579578171132809,0.14815226370118317,9.900543212890625,0.0,7.369624941726215
26831530,-0.11113691797137148,0.03760708732083473,-1.1450308717705306,-2.2060680040106178,-9.61657954912469,0.16496446294635625,9.900543212890625,0.0,7.343263953109272
26844847,-0.11482604654937933,0.025185400331616536,-1.136277100285887,-2.155017074600906,-9.623391373175235,0.2216869804428523,9.900543212890625,0.0,7.316758005996235
26857954,-0.1006886947599046,0.030708093525767977,-1.1354688733533012,-2.2744940019972617,-9.794128523901403,0.1106027146056281,9.900543212890625,0.0,7.290455191512592
26871180,-0.13436332081973523,0.013648333380297029,-1.1421007322659333,-2.302411856791231,-9.677114305221146,0.05771674749426303,9.900543212890625,0.0,7.264122813125141
26885026,-0.11758877712637128,0.038899641889557746,-1.130777405894472,-2.111443399204461,-9.75358282301665,0.20801026019520918,9.900543212890625,0.0,7.23665985383559
26898234,-0.09564939452081811,0.030597761886716146,-1.113103064310848,-2.255630488479291,-9.771254039755163,0.21006721095174363,9.900543212890625,0.0,7.210298865218647
26911218,-0.11545932600855746,0.02316219036884659,-1.1364778877627097,-2.4034262853919017,-9.665224153335839,0.14244626227237234,9.900543212890625,0.0,7.184315054793842
26924459,-0.11031235710024756,0.017652740213275342,-1.1343024727648494,-2.460108258796339,-9.524014902907613,0.16622779905497964,9.900543212890625,0.0,7.158243983169086
26937650,-0.10292043210238155,0.019809254340082516,-1.13322010224387,-2.4025680915558354,-9.68685347041339,0.20617283986106294,9.900543212890625,0.0,7.1320861271815374
26951084,-0.10312628941684876,0.03111344970524299,-1.1323865575003618,-2.4809192983329282,-9.585602035054865,0.21718991617470884,9.900543212890625,0.0,7.105435221572407
26964382,-0.10547028394967262,0.046624204782993006,-1.1270850343231853,-2.4183561086647245,-9.518977131880373,0.1679465057650198,9.900543212890625,0.0,7.078928797622211
26977506,-0.1191099619016045,0.04034384341664654,-1.1164360422375044,-2.4434438908556046,-9.359300191649648,0.1704175671500714,9.900543212890625,0.0,7.0526841572718695
26990860,-0.15756747087597756,0.01746336003586646,-1.1163587354139972,-2.507518844818776,-9.299060773054808,0.10103626340866079,9.900543212890625,0.0,7.026351778884418
27004573,-0.07743398837178894,0.005704614469930869,-1.1274438840264818,-2.660779710285368,-9.574208645328284,0.14499917269803575,9.900543212890625,0.0,6.999033778090961
27017918,-0.0858390827241533,0.03632055316172589,-1.1311970829308766,-2.512637457478199,-9.570105216870612,0.1713098736027625,9.900543212890625,0.0,6.972527830977924
27030910,-0.12390208355218091,0.03718712400726987,-1.1055239747724679,-2.4087128186951645,-9.248371676851814,0.23490245167203305,9.900543212890625,0.0,6.946688979049213
27044130,-0.09881810473382435,0.02186179176114522,-1.1351569473022955,-2.510745721139159,-9.358166502303483,0.20072637353666067,9.900543212890625,0.0,6.920414774795063
27057760,-0.0833871561595787,0.0213577274522192,-1.1514567892140137,-2.4375585861025755,-9.545240388666691,0.1345342416673887,9.900543212890625,0.0,6.8934739521937445
27071020,-0.08809732406437343,0.04615754739992339,-1.1076507396308326,-2.275583931997865,-9.416941686675255,0.14464074466057042,9.900543212890625,0.0,6.867200224776752
27084169,-0.12167026246666834,0.06519404555261166,-1.1027125818952905,-2.1039730731627344,-9.264339535750896,0.17248324391201209,9.900543212890625,0.0,6.841070979018696
27097186,-0.1176830009445542,-0.01750351594157462,-1.1332377704793961,-2.570249198751455,-9.372689790699486,0.19674241624273314,9.900543212890625,0.0,6.815261214156635
27110523,-0.08048695521712279,-0.014894820217489668,-1.1454133376112576,-2.489989518737346,-9.497251506016553,0.07471484462827505,9.900543212890625,0.0,6.788928835769184
27124033,-0.09427419690370442,0.018599812044650665,-1.125557190643697,-2.4212311012365006,-9.329825403576791,0.16247914463594704,9.900543212890625,0.0,6.76216205873061
27137147,-0.10564360458761346,0.02749805051297005,-1.124088386740386,-2.1672828490495704,-9.313024320238537,0.17586484745859998,9.900543212890625,0.0,6.736206858535297
27150337,-0.10360085265725782,0.01811959119908546,-1.1069571446461222,-2.1683685905569803,-9.125993259649576,0.17327612655646796,9.900543212890625,0.0,6.710078089614399
27164057,-0.10896962323993353,0.025056867217868595,-1.128382754329591,-2.0428246148425373,-9.113721000492575,0.1985428072424238,9.900543212890625,0.0,6.682846873183735
27177553,-0.10371303857087977,0.032242703290954466,-1.1106212898757306,-1.9795712118954967,-9.157296221834574,0.15308414709575402,9.900543212890625,0.0,6.65602192201186
27190955,-0.09634439987808374,0.02094001743085716,-1.1184735284783685,-2.038327326061278,-9.196230050815942,0.17670572055540923,9.900543212890625,0.0,6.629371016402729
27204150,-0.09184713892489604,0.04357279232844746,-1.1294576612295213,-1.7750357109913324,-9.275713478369415,0.15144370911046856,9.900543212890625,0.0,6.603125899215229
27217381,-0.09680202852249087,0.0365177036325639,-1.1027992970652862,-1.9070699723830842,-9.257921438093483,0.23676726321384223,9.900543212890625,0.0,6.576852171798237
27230893,-0.08668673959791606,0.011932351937741448,-1.1430522359345847,-2.0623425347433937,-9.433590238351528,0.07971898936018285,9.900543212890625,0.0,6.549998133559711
27244116,-0.08874064165621931,0.035150866837874384,-1.1145463178121284,-1.9669783394637648,-9.421333533613236,0.13552781706221317,9.900543212890625,0.0,6.5236080578761175
27257304,-0.11551255224674861,0.03700560502864425,-1.1057903992795195,-1.8539308351276844,-9.458526853144768,0.23526631866328174,9.900543212890625,0.0,6.497421114821918
27270639,-0.10171349194794788,0.015952681576237415,-1.1206743299222728,-1.9739273571673053,-9.49707145136908,0.19101373143754863,9.900543212890625,0.0,6.470972865005024
27284476,-0.10037905247479584,0.023855654170736873,-1.1226087029779697,-1.9269078327065685,-9.44105647341177,0.2042768685620242,9.900543212890625,0.0,6.443335860152729
27297736,-0.12507267624676155,0.001208506278619348,-1.101174435266926,-2.0394881539106393,-9.275319203385564,0.0781101442312444,9.900543212890625,0.0,6.417033045669086
27310979,-0.09912106324344805,0.01658577071204781,-1.1165328823171556,-1.852876169064487,-9.407565842088314,0.10972664716571501,9.900543212890625,0.0,6.390730231185444
27324093,-0.10758550559669633,0.02460587410017845,-1.1198880682443075,-1.9431946427586695,-9.361835456679614,0.08892407709389971,9.900543212890625,0.0,6.36468776979018
27337679,-0.11369542695224144,0.014687645092904766,-1.101842071426808,-1.8969494643688165,-9.201391384706799,0.19632586320817502,9.900543212890625,0.0,6.337920992751606
27350896,-0.09262924524933025,0.016512105047628012,-1.1319296431592845,-2.0471077803440423,-9.410250756011607,0.10743962018288578,9.900543212890625,0.0,6.311734049697407
27364266,-0.08795101074576284,0.024941251632422334,-1.108865820019096,-1.9347645340447102,-9.58966640172154,0.1931962048606568,9.900543212890625,0.0,6.285285799880512
27377382,-0.11957841344684317,0.017365704680532668,-1.1063389095742995,-1.998084425100238,-9.567693620306109,0.21051558250069569,9.900543212890625,0.0,6.259301989455707
27390968,-0.10451833535700938,0.0184585418175911,-1.1046876820544158,-1.9882548910459832,-9.497676813901819,0.13576689291410027,9.900543212890625,0.0,6.232332079787739
27404112,-0.1318016345974793,0.017693221879899967,-1.1007653157573936,-2.0487974312613915,-9.321625486314595,0.2409184274572116,9.900543212890625,0.0,6.206464140792377
27417353,-0.10457235148817245,0.038721575661525565,-1.0971090946430708,-1.882973349446054,-9.327335449386691,0.153633312469049,9.900543212890625,0.0,6.180248110671528
27430660,-0.11577123360037733,0.0002293398065871255,-1.1161415562938153,-2.2154793502545402,-9.264389146664442,0.1939697236777853,9.900543212890625,0.0,6.153654902358539
27444376,-0.11678232593357496,0.007222740428150187,-1.114447715906799,-2.132138660224676,-9.26116050265938,0.18700739064633787,9.900543212890625,0.0,6.126598208327778
27457642,-0.08367427078932455,0.03196251338668166,-1.0963378311475358,-2.146544327591208,-9.439112372854353,0.16945195338152352,9.900543212890625,0.0,6.100294917006977
27470797,-0.08956858499824927,0.019432851615399205,-1.1198566049818686,-2.1426827700409348,-9.376996803328247,0.11967847286939559,9.900543212890625,0.0,6.074078886886127
27484050,-0.1193232648316016,0.0700604358019683,-1.1026314533276098,-1.8639073712830267,-9.115879231855875,0.21394727516598877,9.900543212890625,0.0,6.047717898269184
27497243,-0.09616397420942668,0.018383934970200633,-1.0991488568750016,-2.0713059479933946,-9.333026954115333,0.2467507228881125,9.900543212890625,0.0,6.021415083785541
27510635,-0.0933012400656934,0.0239223887268456,-1.1204355805855242,-2.1038872212047863,-9.237422035249772,0.1605527104189246,9.900543212890625,0.0,5.994880049605854
27523861,-0.0864450728026025,0.018273899046406417,-1.1039154055983564,-2.0154301564846975,-9.211687516404993,0.20994081151373756,9.900543212890625,0.0,5.968779890914448
27537204,-0.09798057243615244,-0.023017376974895365,-1.1184118057990808,-2.351305321028086,-9.103631230752917,0.10244283229194373,9.900543212890625,0.0,5.9421871594386175
27550572,-0.11625513886034433,-0.001318051110431151,-1.1220197368668758,-2.1262545639827906,-8.985529925962986,0.1777836153619745,9.900543212890625,0.0,5.91568121232558
27564231,-0.08697329163581058,-0.008926474214568492,-1.0988274409792567,-2.184272543661592,-9.164171741698386,0.21522385079152961,9.900543212890625,0.0,5.88856586732436
27577339,-0.06881235116600948,0.04475309076592371,-1.1214763483209893,-1.9148719496434907,-9.200898215033412,0.16743285018280218,9.900543212890625,0.0,5.862668841262348
27590547,-0.11998050862610254,0.03961922217167957,-1.0740208183791475,-1.8780090335160438,-8.825996110257805,0.1990269234415134,9.900543212890625,0.0,5.836510985274799
27604083,-0.10345294875383315,0.005271756913438841,-1.0851812254556261,-2.142680439705849,-9.013348030867878,0.17989095819555168,9.900543212890625,0.0,5.809425204177387
27617442,-0.13935405895918507,0.011578440636992537,-1.0958482123017301,-1.926170719777197,-8.857921226635135,0.2033615101803825,9.900543212890625,0.0,5.782861082931049
27630620,-0.08214917108297293,-0.006830552133991974,-1.099489856264368,-2.1232462617482284,-9.055772864846588,0.13688600446559462,9.900543212890625,0.0,5.7566450528102
27643744,-0.0920901143017403,0.03693985366724428,-1.1013224017164838,-1.8853508160561319,-9.039868694754247,0.1717059075141698,9.900543212890625,0.0,5.730863898177631
27657004,-0.08268830502092772,0.012882344570979809,-1.1122006322873377,-1.8130597378991595,-8.950277482696773,0.18248043851025386,9.900543212890625,0.0,5.704531996627338
27670333,-0.10506323921710159,0.039043615632355255,-1.0965733693367232,-1.6943458316507929,-8.84456130991861,0.14632402116492393,9.900543212890625,0.0,5.678026049514301
27683395,-0.09325281409948971,0.008647999440208443,-1.0943116978298866,-1.8068236829698066,-8.953146148578675,0.20721651149578157,9.900543212890625,0.0,5.652070849318989
27696677,-0.08135874408274812,0.036117833976075264,-1.1007216912458082,-1.6632246715135892,-9.056001180110577,0.26030408927060655,9.900543212890625,0.0,5.625709860702045
27710463,-0.10385683813273827,0.03328969122558867,-1.0969698586276175,-1.7061506436422462,-8.96465471487761,0.16876516823738896,9.900543212890625,0.0,5.598189204116352
27723617,-0.10582960387170237,0.009086041582674342,-1.1061638489626349,-1.8637584921622334,-9.038655354995882,0.22895743944317282,9.900543212890625,0.0,5.572175829787739
27736832,-0.10133712804734607,0.040343310097307405,-1.0928910711751874,-1.6310439221780015,-9.011871400502326,0.09223075647249601,9.900543212890625,0.0,5.546076147933491
27750073,-0.11508125616520548,0.027980701997653012,-1.0852249248635024,-1.7582693009448036,-9.094900828530644,0.2856656213621047,9.900543212890625,0.0,5.519656985183246
27763185,-0.10442681716620861,0.008169833768457702,-1.1076333827744413,-1.7776446306234632,-9.146361874502453,0.1427048966595521,9.900543212890625,0.0,5.493789046187885
27776717,-0.09552742382854129,0.02661510596953387,-1.0860419543049478,-1.7645007171498293,-9.277319996712357,0.2899303326889111,9.900543212890625,0.0,5.46693500794936
27789989,-0.1143899633201948,0.02590384939827084,-1.0672842835899434,-1.7602616060943888,-9.058244402521403,0.07043344075091085,9.900543212890625,0.0,5.440574019332416
27803215,-0.11809225756108699,0.038328681293130495,-1.0778730956450104,-1.605825116208642,-8.968324943997867,0.1948823630398504,9.900543212890625,0.0,5.414357989211567
27816511,-0.11322371304362866,0.014488734399601855,-1.0934679601443555,-1.783846999195518,-8.868824080874923,0.1147599459842592,9.900543212890625,0.0,5.387822955031879
27830151,-0.11146953072517984,0.015374186874255846,-1.0839277520564936,-1.7377489274352769,-8.964408871046306,0.15802418096430593,9.900543212890625,0.0,5.360882132430561
27843403,-0.09695731185406364,0.023315519684032004,-1.0770596971365052,-1.6922403095750482,-8.938801831667128,0.19951103924326397,9.900543212890625,0.0,5.33457884110976
27856529,-0.09679281422167962,0.026729285515994405,-1.0735021714092774,-1.7712097947044683,-9.044521383187622,0.09827184063851568,9.900543212890625,0.0,5.308653204818256
27869676,-0.1186827385351048,-0.0074484961282459405,-1.0903772609367222,-1.9191072374692553,-8.883334282463348,0.09938643067158637,9.900543212890625,0.0,5.282408087630756
27883175,-0.08977012605190193,0.01286523535065398,-1.0758551057455685,-1.7938553026460156,-9.163330658366384,0.2188874075151226,9.900543212890625,0.0,5.255640833755024
27896382,-0.10114202305227415,0.02553908505678204,-1.0772275261491524,-1.6783133915878778,-8.971735508590196,0.14140271202549215,9.900543212890625,0.0,5.229657023330219
27909514,-0.10937164040774006,0.009536353247091345,-1.0652479795879861,-1.8675072668737158,-8.88630791738063,0.06238403062947029,9.900543212890625,0.0,5.203673212905414
27922690,-0.097277777696549,0.031915105087534146,-1.0903217754399028,-1.662672439961284,-8.947488662931327,0.11993196421973273,9.900543212890625,0.0,5.177543967147358
27935967,-0.10307893624961251,0.015296300126091067,-1.0545142096950846,-2.0133442673294226,-9.069765359089825,0.2799630481389901,9.900543212890625,0.0,5.151182978530414
27949451,-0.10340089842438616,0.030690050587505624,-1.0580624139823023,-1.7335527913335014,-8.943559165485205,0.2593451362715662,9.900543212890625,0.0,5.12441620149184
27962752,-0.08905507323503459,0.041171362678855905,-1.0715515197308356,-1.7704524544467048,-8.985500231066197,0.19935644198596236,9.900543212890625,0.0,5.09817108430434
27976026,-0.11828185230970334,0.03452899294666989,-1.0776746949390317,-1.7305342804870065,-8.767421478096693,0.09453459061168168,9.900543212890625,0.0,5.071810095687397
27989763,-0.10546224982708585,0.03159567127443874,-1.0621495876800262,-1.8063453360985235,-8.903842341194753,0.3032613843893248,9.900543212890625,0.0,5.044549792190082
28003104,-0.08798980429947267,0.015447031919509024,-1.0720787290145442,-1.9536754316288238,-8.967734858206068,0.1991079424667337,9.900543212890625,0.0,5.018160193343647
28016231,-0.1089445794156183,0.02051535897642398,-1.05994717080742,-1.869569693174654,-8.758063656412961,0.1255807164183249,9.900543212890625,0.0,4.992089121718891
28029207,-0.08898414426594847,0.008740459923521238,-1.0586594145777077,-1.9761290984216373,-8.81945944328994,0.19712239938996667,9.900543212890625,0.0,4.966249792953022
28042350,-0.06826414979398221,-0.005371984163075494,-1.0988655687956506,-2.0480769022543726,-8.836828171984259,0.09910430565878592,9.900543212890625,0.0,4.940121024032123
28055916,-0.08114734401822021,0.021684905692115564,-1.0648190967356408,-1.8612544388096026,-8.878700240017771,0.17484206990234696,9.900543212890625,0.0,4.913034766097553
28069110,-0.10664013660281801,0.05405729264356185,-1.0403560827147205,-1.6023866494224919,-8.551962836039667,0.17933675733439536,9.900543212890625,0.0,4.886905997176655
28082147,-0.1272191024899474,0.03683671943798683,-1.0487885820065426,-1.6476768195368336,-8.629129800579104,0.14551713477313477,9.900543212890625,0.0,4.861241190810688
28095449,-0.09591990177869736,0.02281716710999615,-1.0666384683059142,-1.7601905286484936,-8.72944239971131,0.176930385310202,9.900543212890625,0.0,4.834706156631
28109045,-0.06194992025077273,-0.017028263516202458,-1.07704281374581,-2.065152401083857,-9.006552449892165,0.07629641111262053,9.900543212890625,0.0,4.807852118392475
28122337,-0.0604745803284632,0.02044121919296704,-1.0810870563823727,-1.8062329126529448,-8.901004339016083,0.17430368026979437,9.900543212890625,0.0,4.781346171279438
28135484,-0.08645234103739163,0.03861015185795713,-1.0438793710235492,-1.661992275504467,-8.717185315572024,0.15145194423444508,9.900543212890625,0.0,4.7549851826624945
28148627,-0.07271076232999452,0.014193538804129213,-1.0798746055363857,-1.6637296625366815,-8.729111346414985,0.0738969799613205,9.900543212890625,0.0,4.729059069533832
28161880,-0.10690592959761513,0.0023224701279405124,-1.0622865498554699,-1.7704835898141553,-8.58658529536918,0.0881881529982369,9.900543212890625,0.0,4.702843039412983
28175337,-0.08586080975919952,0.029793461249843167,-1.053178742811605,-1.4243792427225443,-8.561187164971528,0.13507510944030976,9.900543212890625,0.0,4.676192133803852
28188464,-0.10530941214889245,0.05053403889216468,-1.0376518169572204,-1.3240297943100359,-8.600253260505202,0.26891851611726025,9.900543212890625,0.0,4.650062888045795
28201618,-0.10352182163506685,0.014641822203770749,-1.045759002715572,-1.4672334059147545,-8.430314626286776,0.1440785821784285,9.900543212890625,0.0,4.623905032058246
28215212,-0.0944783531048885,0.01201333290010731,-1.055494682317673,-1.5565008675104366,-8.529084043088556,0.08302268909483956,9.900543212890625,0.0,4.597080080886371
28228361,-0.10752760695725616,0.02713498402975545,-1.0396406892786167,-1.3600129806751013,-8.548962944151164,0.20864747961588215,9.900543212890625,0.0,4.571038096328266
28241524,-0.09687902150005057,0.02839086666084878,-1.0354086298786855,-1.322397883693725,-8.553630282896464,0.09671576737545351,9.900543212890625,0.0,4.544908850570209
28254870,-0.10281487975865522,0.0026484876762333798,-1.0259348544214664,-1.5634150340898358,-8.603774757582848,0.243800004083365,9.900543212890625,0.0,4.518402903457172
28268283,-0.09195241859704151,0.020096079548224788,-1.043372565313951,-1.407198100717963,-8.717630151740611,0.12149097004927789,9.900543212890625,0.0,4.491896956344135
28281411,-0.08437027517259033,0.0225980171928557,-1.0243022358455498,-1.3733645270855703,-8.652653260649597,0.23394755345828777,9.900543212890625,0.0,4.465999930282123
28294680,-0.09129495122820108,0.012790382852926996,-1.0415897228171662,-1.4624412931732849,-8.728689420288354,0.20221935301788108,9.900543212890625,0.0,4.439871161361225
28307905,-0.08445397633015972,-0.0005689876916257219,-1.0356856218930321,-1.4549357448065265,-8.654964407165352,0.2010852277763906,9.900543212890625,0.0,4.413655131240375
28321607,-0.08638276422232316,0.010741501680687326,-1.0275728412317484,-1.3493526575577306,-8.608231543592808,0.12998600836835728,9.900543212890625,0.0,4.386453001876362
28334739,-0.09478927756547817,0.014482487737387473,-1.0334176713623098,-1.4034719061170549,-8.527384386480605,0.09269621325641708,9.900543212890625,0.0,4.3605268887477
28347768,-0.0989349892759317,0.006862704481631621,-1.0319207224096356,-1.426637868328534,-8.480605043365362,0.05311094524666693,9.900543212890625,0.0,4.334658949752338
28361021,-0.08430718109011526,0.037251783827767504,-1.017278208036199,-1.3214030891507846,-8.556654885776048,0.11792308593697776,9.900543212890625,0.0,4.3082688740687445
28374126,-0.10654963162839337,0.023362563552111748,-1.0183666134132432,-1.3540000484849486,-8.445199384355995,0.1937981765961645,9.900543212890625,0.0,4.282343237777241
28387704,-0.09206806032389325,0.023926517020091964,-1.0013004979614166,-1.2686538264945213,-8.56478543956906,0.15897007435597565,9.900543212890625,0.0,4.255315153975971
28401007,-0.09469957072436763,0.012869164683819045,-1.0204733481138941,-1.3749974449713562,-8.501393436602207,0.17397644864603734,9.900543212890625,0.0,4.22901186265517
28414247,-0.09646381675332671,0.030996874927953,-0.9879713086672863,-1.2662873137725938,-8.447166702821853,0.12408622824333548,9.900543212890625,0.0,4.202593176742084
28427503,-0.08613893332272715,0.010010732030719671,-0.9860090230564769,-1.4732428157831734,-8.46616064768672,0.14120549650266767,9.900543212890625,0.0,4.176318972487934
28441202,-0.0866363994756334,0.03358691922187851,-0.984447634536326,-1.2459815358215565,-8.456331367877578,0.25643562058016656,9.900543212890625,0.0,4.149175017257221
28454391,-0.11164387391269193,0.03137259053416597,-0.9787052600949258,-1.321457491878867,-8.237697842317822,0.06628717487536306,9.900543212890625,0.0,4.122958987136371
28467542,-0.10233865396171726,0.013057716398537034,-0.9733203677687046,-1.415685645042366,-8.423410418584648,0.2367704074239736,9.900543212890625,0.0,4.096917002578266
28480794,-0.07466050415277392,0.028719462364390935,-0.9747152247267206,-1.4545525702765545,-8.456749411834778,0.18398069120161153,9.900543212890625,0.0,4.070759146590717
28494396,-0.09448451544463499,0.04031143318481756,-0.9730451019256545,-1.2984780129289604,-8.233525059987905,0.13703951717518237,9.900543212890625,0.0,4.043731062789448
28507446,-0.08466503372967171,0.0037280614466965734,-0.9814494718806444,-1.5954190078012616,-8.290330252609703,0.12785770743221114,9.900543212890625,0.0,4.017601817031391
28520684,-0.08491909580439216,0.044442583934292124,-0.9507125750450038,-1.2720216167907452,-8.26023032385126,0.20100151678107459,9.900543212890625,0.0,3.991269915481098
28533773,-0.11787779639184404,0.054812346390709754,-0.9310942924711849,-1.1404602476212418,-7.8957535737213504,0.1308654005733878,9.900543212890625,0.0,3.9652279309229925
28547148,-0.11626105409115484,0.0675955832859878,-0.9281506824046373,-1.186984802712054,-7.813792912800611,0.1386784688884024,9.900543212890625,0.0,3.9386640480952337
28560843,-0.10884306670069677,0.03665728307075811,-0.9445118979208909,-1.3272465940138645,-7.844325607993902,0.15953199815385055,9.900543212890625,0.0,3.9114330700831488
28574221,-0.10446936384916183,0.010294237831682151,-0.929636938052326,-1.4066786436128638,-7.901179400182368,0.2066560752238349,9.900543212890625,0.0,3.8848401001887396
28587634,-0.09366387155771205,0.015944103023410205,-0.9400736900910722,-1.335901062943634,-7.861207424217017,0.08145390502169647,9.900543212890625,0.0,3.8582759789424017
28600937,-0.07848157719671667,0.01983276713773674,-0.9216371728356174,-1.4382029083418857,-7.910711829620009,0.24095235534980652,9.900543212890625,0.0,3.8320020131068304
28614208,-0.09952389149546548,0.0426308736066523,-0.9173248630602648,-1.2372841961762333,-7.687613230092829,0.05164680997178017,9.900543212890625,0.0,3.8056989602046087
28627614,-0.11468152231156736,0.025392609991729875,-0.9007516817790258,-1.2046747476325947,-7.500480381387177,0.17571060483813206,9.900543212890625,0.0,3.7791059903101996
28640792,-0.07352382801830659,0.03198901650086072,-0.9041489634959401,-1.215706457067725,-7.727994010948244,0.11919674321368312,9.900543212890625,0.0,3.7529478959040716
28653761,-0.08313830205649042,0.021376270328834712,-0.8971078187998378,-1.187310449939666,-7.666380881497712,0.19214469301052084,9.900543212890625,0.0,3.727398960967548
28667009,-0.1087404066127533,0.019691103068590676,-0.9129892626070966,-1.1420926284350514,-7.492475644950421,0.16205481888905027,9.900543212890625,0.0,3.7010670594172552
28680690,-0.08631499423533606,0.023869674883112424,-0.8843306695244451,-1.0977777576020387,-7.644010272704666,0.12105017098761905,9.900543212890625,0.0,3.674068062682636
28694125,-0.09224618338465618,0.009328488608151941,-0.8719611019681386,-1.1650380295369018,-7.52371899870813,0.2415385334722675,9.900543212890625,0.0,3.647475092788227
28707274,-0.08256216096430968,0.03520742553956846,-0.840878469649776,-0.9187291149108177,-7.437906427607242,0.16243935640685336,9.900543212890625,0.0,3.6213749340968207
28720467,-0.10309939251780431,0.019045109941214555,-0.8504075329624108,-1.0422492678755546,-7.2456329352347595,0.06171385758042369,9.900543212890625,0.0,3.595304100890644
28733649,-0.08622506493508775,0.003188160669059359,-0.8487905132882299,-1.049084419058417,-7.342949342781907,0.11344126675322563,9.900543212890625,0.0,3.56932005204726
28747312,-0.07506110092610063,0.01817164121128645,-0.8246141666569553,-1.0266101195848023,-7.334801123152378,0.08563256654970353,9.900543212890625,0.0,3.542089074035175
28760539,-0.08420515690058394,0.015465779759511245,-0.817659175261034,-0.9358459850214373,-7.264337248976382,0.24853146233282963,9.900543212890625,0.0,3.5156410626368597
28773744,-0.09132200175225691,0.02451182249039463,-0.7752209204211828,-0.8697267025108673,-7.027066566015037,0.09107890138194108,9.900543212890625,0.0,3.489482968230732
28787011,0.010804253230691785,0.025311344209164366,-0.06184840771987954,0.3678813300982142,-1.3264684800246407,0.12575464774414868,9.900543212890625,0.0,3.463325112243183
28800884,-0.019736201413869114,0.02272380013622355,0.003057312299237225,0.4592728448181589,-0.3629601773229254,0.023349410119280378,9.900543212890625,0.0,3.4356299332575873
28814029,-0.004545301319955897,0.030171397909820152,-0.01180934796720745,0.6885682495513592,-0.16060166310220936,0.06557401844918864,9.900543212890625,0.0,3.40953001298476
28827211,-0.005046215770243556,0.006891661864296017,-0.01628467540599221,0.3287569429404229,-0.01931474730477234,0.053718923327698676,9.900543212890625,0.0,3.383256047149189
28840277,-0.024968880279957695,0.03737448518462516,-0.005780182571932357,0.7350070686465529,-0.07047904064774713,0.12508001154862214,9.900543212890625,0.0,3.357359021087177
28853889,-0.005205978653131993,-0.02075458426266885,-0.023809043697267107,0.11199254868872544,-0.02827817480057604,0.06476007183313293,9.900543212890625,0.0,3.33044704713393
28867092,-0.016984425273834702,0.0033122251017017046,-0.020949288870654392,0.2610502438193194,0.0630919996149828,0.027888528966492743,9.900543212890625,0.0,3.304260104079731
28880142,-0.012907156995236146,0.03176864515032651,-0.015165860281400434,0.32500773176547426,0.08918048934116385,0.09186002235475677,9.900543212890625,0.0,3.278450100799091
28893551,0.0032810330834989188,0.019071395948827785,-0.03301910208359349,0.2765019406152476,0.20160457854181146,0.10862978176593785,9.900543212890625,0.0,3.2515960625605658
28906874,-0.017747182158529107,0.004688708217181592,-0.035054253760463894,0.12239728812846806,0.20290456641629362,0.1730512103783699,9.900543212890625,0.0,3.2252350739436224
28920301,-0.017165894459485465,0.01885109485238856,-0.006701406960785583,0.24640597326427383,0.2282047517463539,0.09331968787371991,9.900543212890625,0.0,3.1985839299159124
28933498,0.008168604056537632,0.02261387597803033,-0.026989660110956493,0.22084064045954221,0.19690657324910177,0.06547531206857293,9.900543212890625,0.0,3.172454922576435
28946747,-0.028208322840927558,0.01906874627985089,-0.02140821707494389,0.1777520435886757,0.4731828345380684,0.0033529127521045865,9.900543212890625,0.0,3.146210043807514
28960428,0.008208570632339818,0.0022061295093600553,-0.02787182208821193,0.07657413418993286,0.2535614338846486,0.111974115084708,9.900543212890625,0.0,3.119153111358173
28973673,0.003474224855602781,-0.007300763750336614,-0.033095334879940985,-0.02356008465331172,0.10452073942750317,0.0369242917354029,9.900543212890625,0.0,3.0928500584559515
28986964,-0.008850255753993785,0.016869140963368112,-0.013105443412176676,0.08299180242661208,0.35300707502290507,0.1341716618366906,9.900543212890625,0.0,3.066402047057636
29000319,-0.007686704488395701,0.022054705130979402,-0.020468359639569833,0.2518974569193233,0.22250523828089186,0.0632402253095048,9.900543212890625,0.0,3.0398670128779486
29013604,-0.0004470098030555647,0.01542846934966735,-0.031468223228081627,0.12119541268430112,0.38331825056016555,0.00018725064851210504,9.900543212890625,0.0,3.013331978698261
29027146,0.01210121214389881,0.041152506642826214,-0.02061322096545215,0.25726300664153,0.2547188757573018,0.13409022561769923,9.900543212890625,0.0,2.986332981963642
29040258,0.004000974022448922,0.025604552626275145,-0.01795860336523436,0.24263663092565224,0.29436882882832904,0.033534208202548044,9.900543212890625,0.0,2.960348933120258
29053378,-0.03044535978615226,0.014184554383382508,-0.008607071618362383,0.19189785257331948,0.4057879669693065,0.0534995698712013,9.900543212890625,0.0,2.9344519070582464
29066581,0.0021874285116800785,-0.0017619343725217007,-0.011993593142440417,-0.0035121097168655524,0.16193322431310975,0.09577736806366488,9.900543212890625,0.0,2.908177941222675
29080306,-0.004782582844197414,0.010691211986393334,-0.03084574746161728,0.20273530241794901,0.10610012800797364,-0.0005006188282372648,9.900543212890625,0.0,2.8810630730586126
29093689,0.0171442823508392,-0.015280198440886794,-0.033818223656228774,-0.1050830935867424,0.16897734691172772,0.06824439137089833,9.900543212890625,0.0,2.8544701031642035
29106841,-0.019342605626284204,0.07210959944926265,-0.010553481437339585,0.5472968538069694,0.21764867817103806,0.06390837239928437,9.900543212890625,0.0,2.828601925750263
29120058,-0.05703361889034442,-0.011768025142177452,0.006128605619446503,-0.058136723628940956,0.4725051439276342,0.147532218485102,9.900543212890625,0.0,2.80227002419997
29133487,-0.007075731041430444,0.03292835564479257,-0.017002997588067892,0.33779153759508773,0.13774981213182258,0.07978474243506817,9.900543212890625,0.0,2.775445073028095
29146680,-0.011816233422159428,0.007066951817497946,-0.01788477440767,0.041611289552974995,0.20285100515365428,0.050340767263843844,9.900543212890625,0.0,2.749286978621967
29159930,-0.009969694006442431,0.012018736508227823,-0.029630771910882814,0.1861848413601166,0.2139816872243543,-0.020299640965498966,9.900543212890625,0.0,2.722955077071674
29173054,-0.008324653256535086,0.024666124419980173,-0.003139207895509699,0.1430253193118034,0.023050701588090305,0.20908747687671259,9.900543212890625,0.0,2.6968840054469183
29186448,-0.0013721303203690915,0.0072696366652105215,-0.019038697911872404,0.13950920874595596,0.11251717025101016,0.037410847897007216,9.900543212890625,0.0,2.670291035552509
29200274,-0.00781883283406426,0.01429412346355674,-0.02150549350745834,0.11780396678268801,0.13597649729132755,0.07811760471202511,9.900543212890625,0.0,2.6428280762629583
29213349,-0.01506430542409376,0.022737373187468046,0.0030390544996414803,0.15034261523953774,0.015737270701226436,0.22931150471039352,9.900543212890625,0.0,2.61704692163039
29226575,-0.017716800372003405,0.01774857888083914,-0.016666538683883125,0.1747980658437669,0.19656475641458826,0.046369711047150375,9.900543212890625,0.0,2.5909760884242132
29240346,-0.0017387861266726645,0.0002248803015427736,-0.027783686830139764,-0.07458739779170287,0.07711859495445594,-0.035124844872839844,9.900543212890625,0.0,2.5637451104121283
29253754,-0.006299229402242812,0.0159575898537041,-0.023312210230976405,0.22788460423596035,0.023809996506273023,0.032691787633895686,9.900543212890625,0.0,2.5370069436030462
29266872,-0.0037864866250747475,0.028076133573651463,-0.011959944922923071,0.05182300026133646,0.05024403658136478,0.04456596032872717,9.900543212890625,0.0,2.510732977767475
29280013,-0.007752019058167026,0.0038209905874355687,-0.028059713221899152,0.13641125956531397,0.09523667672171854,0.08052092130575161,9.900543212890625,0.0,2.4845169476466253
29293203,-0.029191489259599912,0.017859183850996496,-0.02029230258446102,0.12986536202538446,0.06958055385709017,0.1479104178426045,9.900543212890625,0.0,2.4583590916590765
29306812,0.0017818735891586002,0.015557852426544505,-0.01177755439318684,0.07791654403023074,0.02927133177965402,0.07284022892676134,9.900543212890625,0.0,2.4312730721430853
29320021,0.019584665201307416,0.018303750705905175,-0.034430913504846394,0.07563058757406083,-0.14602525237530983,0.04204795221116342,9.900543212890625,0.0,2.4051149777369574
29333100,-0.034203275373577036,0.013537234811634269,-0.008666354588418024,0.149769413824977,0.20639745559364897,0.09871071787521224,9.900543212890625,0.0,2.3791891030268744
29346276,-0.013685308237373128,0.0020817670705171043,-0.006957202955259589,-0.008310895936780582,0.1607225723907355,0.0038356498239195957,9.900543212890625,0.0,2.353001921554096
29360048,0.002947888135016896,0.0421234268100934,-0.019358487867451757,0.3365549503741079,0.061047114247227086,-0.04201465989667952,9.900543212890625,0.0,2.3256259850459173
29373318,-0.015526042190789457,0.019472284481525826,-0.030809992127418084,0.08679110590606598,0.10021564518541126,0.10722579315692293,9.900543212890625,0.0,2.2994099549250677
29386562,0.006152122033537211,0.013238123970702897,-0.013922515072150254,0.05236739455729378,-0.05179123535245722,0.10000889866523366,9.900543212890625,0.0,2.2730780533747748
29399839,-0.002407132336198714,0.03545882072947948,-0.02537519116379272,0.3011096466001888,-0.025071167022289842,0.1502212864384802,9.900543212890625,0.0,2.2466588906245306
29413321,0.005459708539248709,0.008086502308063404,-0.0076084536750231635,0.08299360282097012,-0.019741583896728088,0.06637753194022977,9.900543212890625,0.0,2.2198339394526556
29426569,0.004831435809732554,-0.0016379327113178466,-0.024094036797508878,0.0022423307644530155,-0.030234081006646818,0.02418480080463148,9.900543212890625,0.0,2.193617909331806
29439727,-0.010135493351220326,0.02357742993496381,-0.010649737646504676,0.14374081691376972,0.08295184230714625,0.049941070870531235,9.900543212890625,0.0,2.1675759247737005
29452837,-0.04046388848274862,0.023490146339498752,0.002480160946734422,0.18928872406791442,0.3000047077405412,0.02672184456038984,9.900543212890625,0.0,2.1415630272822455
29466260,-0.01020794256240043,-0.003954051566011696,-0.016546904261074857,0.008915845886726004,0.03149476335629586,0.08607646401274849,9.900543212890625,0.0,2.114853947539814
29479378,-0.012686114913224245,0.03607073985751774,-0.005660092168413122,0.2749447740257125,0.13880876827760957,0.12892076583329626,9.900543212890625,0.0,2.08886989869643
29492718,0.012016174963415338,0.036872060038559695,-0.02177409579153977,0.26532417857509216,-0.08004161660939957,0.21021711470965343,9.900543212890625,0.0,2.0623930386500433
29506129,-0.003950007443427328,0.012550148147196127,-0.022199662498980643,0.12900590050324467,0.009339577641039654,0.1243016593414552,9.900543212890625,0.0,2.035858004470356
29519853,-0.002428000183402723,0.05008668825991491,-0.02418104620210748,0.29925282552778754,0.07200464995026223,0.04971362327120943,9.900543212890625,0.0,2.0086561135249212
29533090,-0.006834412803649492,0.019685441701114748,-0.007434965812264771,0.2180720276987529,0.04008720128774712,0.05422971488624562,9.900543212890625,0.0,1.9822660378413275
29546246,-0.024780632956027393,0.04674416869621756,-0.02489161216866176,0.23383703145775314,0.26056222658529293,0.04180134856808948,9.900543212890625,0.0,1.9560789755778387
29559385,0.02559320712566482,-0.025991126720904978,-0.058812622334956544,-0.03073797660947264,-0.09894671950221223,0.0395985661280136,9.900543212890625,0.0,1.9300369910197333
29572668,-0.0014404803469765248,0.018505737123005517,-0.030291101523004293,0.07231402261164277,-0.07985527851954188,0.04290126399207672,9.900543212890625,0.0,1.9037919930415228
29586233,-0.009354788618086918,0.03917849289640829,0.0002634265254446433,0.3598699302121986,0.12687156518250475,0.04512757317587557,9.900543212890625,0.0,1.8770830325083807
29599555,-0.009447758941351303,0.07665088243804896,-0.03062989305652586,0.41083974993168937,0.2633985970664021,-0.03173941094391175,9.900543212890625,0.0,1.8506639889674261
29612693,-0.04437563924848975,0.006210335858241267,0.011274989109264055,0.12340181188665156,0.24240500010073163,0.03648609056048002,9.900543212890625,0.0,1.8246800593333319
29625986,0.006606344978810519,-0.0011180028172950163,-0.04000650740358935,0.0021005826919875403,0.062076481522467475,0.004443159101269245,9.900543212890625,0.0,1.7985800198512152
29639502,-0.03085393510430956,0.03264320876386084,0.005102938219495812,0.17653510765816804,0.20528521665319488,-0.013853539797924697,9.900543212890625,0.0,1.771784036536701
29652802,-0.023536251653729856,0.04136087288219503,0.002241472816132628,0.2842329251247975,0.23635722210213572,0.056418411170357174,9.900543212890625,0.0,1.7454230479197577
29665959,-0.018097293041049678,0.037536473804935966,-0.011853346130624054,0.26964958523929283,0.13487627379416978,-0.01081879694037191,9.900543212890625,0.0,1.7191489628748968
29679084,-0.01580658629208731,0.014110775104128503,-0.01664241287361712,0.16957820045154648,0.16223148524194286,0.12058081328172143,9.900543212890625,0.0,1.6930780104594305
29692352,0.006472075489461826,-0.005684853106886045,-0.05457671035885703,-0.05453748224846322,-0.07835105400770814,0.013831985007971781,9.900543212890625,0.0,1.6667749575572088
29705913,-0.014813778049945103,0.0344249434139583,0.0132208768192692,0.20558257525317458,0.1140655978418863,0.14223745617858974,9.900543212890625,0.0,1.639718025107868
29719064,-0.013345149387716582,0.01826533649802209,-0.03304541026949881,0.21704134184508916,0.10434193448871198,0.06713476792007533,9.900543212890625,0.0,1.6135600499110296
29732241,8.955045640579584e-05,0.03770215567704316,-0.008253681857548933,0.17792934944961303,0.026303436189440532,0.08432048416230664,9.900543212890625,0.0,1.587547033210285
29745426,-0.011264765437542401,0.018100368246026788,-0.02572213227186282,0.1581848250888669,0.14577993923603927,-0.010815038355625362,9.900543212890625,0.0,1.5615340165095404
29758905,-0.011779674204587032,0.01783239986226004,-0.02071973186090581,0.14058256713330763,0.04156940100729045,0.12621007288291963,9.900543212890625,0.0,1.5348250559763983
29772032,-0.004979799006282537,0.007431664359159873,-0.01931052712772008,0.0882126488764925,0.0850482501575307,-0.01192188733194044,9.900543212890625,0.0,1.5088699749903753
29785304,-0.012083328269719473,0.02174604236524602,-0.005543703799358646,0.10369516422975522,-0.045013120208981405,0.07103608978275311,9.900543212890625,0.0,1.482392995734699
29798644,0.013111247962117822,0.05204520698934778,-0.025931165134608136,0.44021622476458333,0.04805897690415151,0.03809264793246747,9.900543212890625,0.0,1.4559449843363836
29812045,-0.008765302792488772,0.009281429894008264,-0.021662198976165392,0.06686356184336972,0.027761395639323894,0.1269455762260776,9.900543212890625,0.0,1.4294099501566961
29825168,-0.027356535666286153,0.008876628480069648,-0.008629175080022478,0.08017232191379975,0.1964111383135574,-0.027130418488793495,9.900543212890625,0.0,1.403397052665241
29838178,-0.01476025152236149,0.030329012096859786,-0.015591328371947988,0.19814462784681552,0.05833285348966655,0.1793355554607139,9.900543212890625,0.0,1.3777320078806952
29851444,0.020021093520522282,0.026317508334368966,-0.027746669465452456,0.20744880569473167,-0.01185851275041827,0.054930756875572584,9.900543212890625,0.0,1.351255028625019
29865055,-0.019043182732461972,-0.007151229769214451,-0.014402584393098827,-0.11340583495490364,-0.057545776008666394,0.09741045515619184,9.900543212890625,0.0,1.3243430546717718
29878507,-0.015949476659893325,0.03676952317222981,-0.003988317666201446,0.31543948316961234,0.10805169767826683,0.01805268930301196,9.900543212890625,0.0,1.2976920298533514
29891954,-0.03487501217395028,0.00970493166416908,-0.021420784664898385,0.056464056174974075,0.2578965905685706,0.08716307698145265,9.900543212890625,0.0,1.2708960465388373
29905268,-0.0018496965900056672,0.03185859811868563,-0.012070700115374144,0.222773150322098,0.06917670530005893,0.0786808929756635,9.900543212890625,0.0,1.2444189480738714
29918426,0.02837001095235392,0.03241153854832102,-0.020666239607482595,0.2008421427741638,-0.048427539632616146,0.15855964303120906,9.900543212890625,0.0,1.2183190278010443
29931872,-0.021361967601775333,0.02902509166870315,-0.014560638237333556,0.2189065917633073,0.19451291166215867,-0.03429510842967609,9.900543212890625,0.0,1.1919870070414618
29944994,0.0015871646595009281,0.010384140469171577,-0.01952701508972776,0.16737096985575306,0.03178012180880074,0.027115459601542824,9.900543212890625,0.0,1.1659160546259955
29958106,0.011566199728549442,0.04462027488902254,-0.012119876704812071,0.22049513466648563,0.016525414539870553,0.07919332643821697,9.900543212890625,0.0,1.1398739508586004
29971348,-0.019817249122559222,0.010409944997392895,-0.025473728088251768,0.1843819928861734,0.13352377598106813,0.11667882150638853,9.900543212890625,0.0,1.1136580399470404
29985193,-0.0006781463152161216,0.02010071345921638,-0.013412223178110416,0.21828922783825533,-0.09946411907360186,0.1800429679927582,9.900543212890625,0.0,1.0859629801707342
29998612,-0.0032637443408356503,0.03522169898044325,-0.02254896120365668,0.3164122783447425,0.1447163098353137,0.052347521288131915,9.900543212890625,0.0,1.059370010276325
30011845,-0.013016648409663656,0.03238034919280586,-0.018628483247494998,0.23114696027252535,0.1379004952253382,0.0208967149494228,9.900543212890625,0.0,1.0333280257182196
30025016,-0.0030993263119452052,0.003254082213491216,-0.019391483479886062,-0.022834144882565965,0.005663311135172933,0.045929344886689094,9.900543212890625,0.0,1.0070830277400091
30038248,-0.03162570521324781,0.0382594001638894,-0.001413968761115214,0.2882883941172807,0.13827336397379497,0.10850676453143215,9.900543212890625,0.0,0.9808090022997931
30051925,-0.013952350099085908,0.017537217336781596,-0.01851960303921185,0.13835731033678655,0.06358558965161265,0.10705943100403914,9.900543212890625,0.0,0.9536069921450689
30065116,-0.008282168630062703,0.04345108754467231,-0.02130265632923578,0.3377597403984822,0.04839843638017527,0.04099086606938407,9.900543212890625,0.0,0.927507012267597
30078314,-0.0020285813397156183,0.019444676739871714,-0.036152070208489206,0.13749912609144843,0.09554279724135739,0.023121886709480677,9.900543212890625,0.0,0.9012909821467474
30091757,0.033751455678642905,0.027056646495647874,-0.058206634449697425,0.15611783138710678,-0.129178232859676,0.10786716766979332,9.900543212890625,0.0,0.8746689847903326
30105396,-0.026061401802897066,0.03771772038325705,0.003287306523174216,0.14783978430359923,0.15331912730365715,0.03521435685917673,9.900543212890625,0.0,0.8475830248789862
30118595,0.014571851514280976,-0.008178692617900607,-0.03268602182324987,0.029242847134433703,-0.06586181877657893,0.10219421033818143,9.900543212890625,0.0,0.8212799719767645
30131826,-0.06377019802570283,0.03542141378030217,0.023073172826022947,0.23493003379687138,0.21513803332403114,0.02818132993161626,9.900543212890625,0.0,0.795237987418659
30144934,-0.02292131586849644,0.02163557358659829,0.004863571860716398,0.2582641120684883,0.12959513530552513,0.0716977433627104,9.900543212890625,0.0,0.7691960028605536
30158508,-0.004675367925762064,0.031436609648913594,-0.02651856626227378,0.17052925092070836,0.11660191839128586,-0.008303272349985846,9.900543212890625,0.0,0.7423709920840338
30171722,-0.009400269214510093,0.00966297163412011,-0.005128898911625157,0.11539335046843036,0.045569062630981705,0.04467894559711105,9.900543212890625,0.0,0.7162130168871954
30184914,-0.004478675686120592,0.012989594787880865,-0.019571783886179084,0.061398689539807094,0.1277901061861222,0.11844091020516956,9.900543212890625,0.0,0.689852028270252
30198218,-1.2879512607533172e-05,0.015224554609619245,-0.015621354104391472,0.09389688500117188,0.04482858520269417,0.13891815497089333,9.900543212890625,0.0,0.663578002830036
30211439,-0.015523819046317833,-0.0009801315898441132,-0.02842031346745788,0.12580844909786748,0.13856785530030535,0.022357590236438796,9.900543212890625,0.0,0.6373330048518255
30225035,-0.002181696829198998,0.019357924831808093,-0.01747694688826762,0.12090603720635329,0.03254331823617207,0.009435026708839445,9.900543212890625,0.0,0.6102180174784735
30238167,-0.005333630549608781,0.015909019135349034,-0.023854035187325984,0.016391880118661106,0.06604955265849455,0.11495889161173167,9.900543212890625,0.0,0.5840599826769903
30251426,0.003969586772621714,0.033031309108324525,-0.011226605805493506,0.2542261305255096,-0.07324934752419665,0.16865504310380608,9.900543212890625,0.0,0.5578729800181463
30265164,-0.008796504707633712,0.02779703307997461,-0.02415460423287019,0.25286926869254245,0.061730472763471766,0.07940806581560444,9.900543212890625,0.0,0.5306999973254278
30278531,-0.003477907145916781,-0.006268718213215507,-0.028579377524032168,-0.04126429879427462,0.06932095906197588,0.029105840190128518,9.900543212890625,0.0,0.5041070274310187
30291897,-0.0059258004322639835,0.029513464051559746,-0.007339671146198157,0.2293157800899408,0.028199033637193338,0.030206899812890597,9.900543212890625,0.0,0.4776009909110144
30305098,-0.0008253046211592618,0.000310772373341317,-0.01930154517274385,-0.020903143221623566,0.015163511103388316,0.10057249780554223,9.900543212890625,0.0,0.45135599293280393
30318199,0.005213473092020138,0.038494398254230955,-0.008384548537656578,0.27971444435596027,0.19160947758733826,-0.0980073328033857,9.900543212890625,0.0,0.42528501071501523
30331637,-0.0026938177177302514,0.021455486178957095,-0.02222811756621912,0.1853788225026065,0.08769029623389102,0.011321516651399577,9.900543212890625,0.0,0.39898198761511594
30344822,-0.01351062869280506,-0.0031173376906286077,-0.020815503502003452,-0.0977094544756767,0.030986873917726143,0.04878170069132004,9.900543212890625,0.0,0.37270799197722226
30358066,-0.03166263657838009,0.031519672007151334,-0.008688906274176844,0.31748559069577453,0.1919006140081585,0.005386193229071523,9.900543212890625,0.0,0.3465790144400671
30371569,-0.007720670797526363,0.020914357705973385,0.0066028631838044305,0.09316725148555349,0.04181062342777864,0.02052627796355644,9.900543212890625,0.0,0.319840996642597
30385177,-0.009549388713538498,0.03873765945505414,-0.026492009597979482,0.2882126513783234,0.17632753674178758,0.11096754038874224,9.900543212890625,0.0,0.2930740109877661
30398335,-0.016871148671209202,0.018989140411876493,-0.0166519365332638,0.12819476812568098,0.1400278100304284,0.0005697493347902594,9.900543212890625,0.0,0.2670899919467047
30411413,0.009762109500468963,0.0033113404744495867,-0.039767227925769255,-0.003540405844489669,-0.08325733085856157,0.0743181330237146,9.900543212890625,0.0,0.24110600270796567
30424994,-0.0052515051296344595,0.033316618832685,-0.026726929987854753,0.247948321897276,0.10181602426052194,0.04611698679309306,9.900543212890625,0.0,0.21419399895239621
30438203,-0.011736137330232932,0.025894508957974738,-0.006602227437458197,0.19175434667434388,0.09241990093871522,0.09758251323271416,9.900543212890625,0.0,0.18803599395323545
30451170,-0.0005449181446421925,0.0013399726557361546,-0.024741980435959654,-0.013498673091270064,-0.05843917679026944,0.020681086336411525,9.900543212890625,0.0,0.16240000643301755
30464320,-0.016004402513205118,0.028781067234315394,-0.00611777146268544,0.20304437049228596,0.12018844666808803,0.014415427999905361,9.900543212890625,0.0,0.13612599589396268
30477553,-0.011789175963698995,0.026793736073225993,-0.01468594304263604,0.1758515716677138,0.12376726990356701,0.12110443831741691,9.900543212890625,0.0,0.11106999882031232
30490184,-0.012094973899125172,0.02977542955335255,-0.017087220822535443,0.2496545038451643,0.09255313900202466,0.2038113559039303,9.900543212890625,0.0,0.08859500207472593
30502532,-0.003221976656912595,0.011211220228448893,-0.019935546601786314,0.036448390302730616,0.04237315400436259,0.13133602184571025,9.900543212890625,0.0,0.06817900307942182
30514741,-0.01492011216252953,0.010737005866542582,-0.020800535947307353,0.05967662012606212,0.07687292440801485,0.05846190626166603,9.900543212890625,0.0,0.049444998730905354
30526800,0.010100864887238714,0.02185381512906459,-0.012588338061831905,0.20194550154347013,0.030762724452909396,0.03323592615354798,9.900543212890625,0.0,0.032335001160390675
30538272,-1.2098595796761202e-05,0.010528603955582083,-0.014707678133770052,0.055662644421907714,-0.012014959549755844,0.03544027617760115,9.900543212890625,0.0,0.01739999942947179
30549645,-0.011717134376763028,0.01698463150233076,-0.01979447574406734,0.09008025399803898,0.0742096913361543,0.08173187283426486,9.900543212890625,0.0,0.003914999892003834
30561064,-0.005975386656521753,0.022133062879443388,-0.0159627714174988,0.17537332113385418,0.06616425442814844,0.08388477066218769,9.900543212890625,0.0,-0.008265000185929239
30572291,-0.0016224406644691491,0.019071372237764228,-0.016588493976704477,0.16678110378246203,0.10074114606827322,0.04973225432593331,9.900543212890625,0.0,-0.01905299990903586
30583188,-0.012602642050980606,0.016942557457983787,-0.020208560023008637,0.07062622552394515,0.09046117360353279,0.05544017943114099,9.900543212890625,0.0,-0.028245999361388385
30594027,-0.0038614906716336606,0.010316186111532621,-0.021696212633810497,0.1261165453751758,0.04645399974971909,0.04853863355655186,9.900543212890625,0.0,-0.036105000297538936
30604693,-0.008926305141746305,0.019116954118832963,-0.015180452826395019,0.18120669791519362,0.07613401104807593,0.05024729089744362,9.900543212890625,0.0,-0.042891000281088054
30615295,-0.002680685504078184,0.013707246982120447,-0.02006691479768552,0.09528430465076099,0.07225734867885336,0.060528349649345614,9.900543212890625,0.0,-0.04848799936007708
30625685,-0.007180978402792526,0.016175668882765004,-0.012279523962027916,0.11963786095235207,0.060241218322662604,0.05121048727031585,9.900543212890625,0.0,-0.05289600125979632
30635926,-0.002321482477187775,0.01327217114567758,-0.016145398988126836,0.07212910798416061,0.013459305712725467,0.07147171273812702,9.900543212890625,0.0,-0.05605699948500842
30646065,-0.005092187872229648,0.01492577569838649,-0.019030205670110156,0.11165361516427197,0.044653538179396435,0.06571090062130125,9.900543212890625,0.0,-0.05826100043486804
30656445,-0.004415092877148474,0.014825845874995247,-0.0161867485208802,0.1010975155922722,0.08228103986412094,0.05607265700802344,9.900543212890625,0.0,-0.0594209999544546
30666432,-0.007546842730044467,0.016478918995447733,-0.015332152742034921,0.10648970855276474,0.03682986046999659,0.04804413369085481,9.900543212890625,0.0,-0.059537001769058406
30676445,-0.008044069257378439,0.012151437969841306,-0.016479273579157905,0.11922988476108998,0.06409352143466762,0.06439132555138372,9.900543212890625,0.0,-0.05866700119804591
30686570,-0.006144725840984577,0.014538697456978555,-0.019721248468570707,0.12973580108399574,0.10604742002502121,0.03714154179755624,9.900543212890625,0.0,-0.05681099824141711
30696731,0.0008079355070003125,0.020998772786371633,-0.014094211969933212,-0.04496865395460503,0.05575623053237777,0.04761201540697435,9.900543212890625,0.0,-0.05391100130509585
30707120,-0.00933281947582909,0.016468408312462435,-0.018423716831019732,0.11664327830713006,0.03578112235337372,0.053009060341006276,9.900543212890625,0.0,-0.049909000168554485
30717647,-0.008528713937698829,0.03320243530347966,-0.021219121072887148,0.2622562780057649,0.08784712410539441,0.09518402870193121,9.900543212890625,0.0,-0.0446890004677698
30728157,0.003119887292982071,0.014865419137329416,-0.0084136311550429,0.18744816548451837,0.05156139733150411,0.1072344356113657,9.900543212890625,0.0,-0.03833799890708178
30738894,-0.013637950406669486,0.01567184735801086,-0.008221900305412255,0.13831210565779628,0.07910774471834259,0.06573052719656225,9.900543212890625,0.0,-0.030769000644795597
30749837,-0.004540699473916554,0.011525613509044463,-0.027285937382354852,0.05905316258191817,0.06259299582302447,0.05279381536908545,9.900543212890625,0.0,-0.02430199913214892
30760355,-0.004099050702749629,0.015910109154582575,-0.016572388378232716,0.10717942003078917,0.07911691440522617,0.05046034615635797,9.900543212890625,0.0,-0.019343000720255077
30770593,-0.0026330122417204116,0.015806158551313176,-0.012865461607908912,0.1035864776426152,0.041773530683663296,0.05318008184935863,9.900543212890625,0.0,-0.015399000491015613
30780771,-0.006907129480540064,0.014602568070031685,-0.017798405379838123,0.11272600355270868,0.009397386001197106,0.05821693929966543,9.900543212890625,0.0,-0.012556999805383384
30791067,-0.004873647380768453,0.01473165749680283,-0.020520122888050274,0.10790901762302241,0.05533867755963939,0.063469231299349,9.900543212890625,0.0,-0.01073000009637326
30801159,-0.0035654156807054527,0.016728784787841455,-0.017189063257909254,0.11723270875040015,0.06928516271397456,0.05741664118956713,9.900543212890625,0.0,-0.009976000408641994
30811251,-0.005465922004579404,0.01364008035883324,-0.014520522081999943,0.12120926975219959,0.029662390607892775,0.060452683090417736,9.900543212890625,0.0,-0.009860000456683338
30821185,-0.0038704662093511644,0.014047640691623453,-0.016961778571381814,0.11557824202462541,0.05988301797583517,0.0696401946901517,9.900543212890625,0.0,-0.009860000456683338
30831200,-0.003430683322548145,0.016949078840911458,-0.016027261824309136,0.1230035186763061,0.06669901052579164,0.05720227771863229,9.900543212890625,0.0,-0.009860000456683338
30841542,-0.003142591731845279,0.014395239929892334,-0.01780922100979776,0.11272893848825305,0.04556381400704623,0.07034222780864496,9.900543212890625,0.0,-0.009860000456683338
30851585,-0.007247988414167406,0.01449288048684605,-0.01749385361015854,0.11231808181762659,0.0485699329519278,0.055644124367832504,9.900543212890625,0.0,-0.009860000456683338
30861508,-0.005142958565651945,0.016065545831509542,-0.018070391720867995,0.11968042088184916,0.05275544845058988,0.0559712055597803,9.900543212890625,0.0,-0.009860000456683338
30871463,-0.0042265332829942714,0.013498563840687261,-0.015767003280221736,0.10279017602994855,0.050539223111716325,0.06472411596104521,9.900543212890625,0.0,-0.009860000456683338
30881498,-0.006334030445813266,0.015084295105189272,-0.017191916557102616,0.09435668266981168,0.04078940660267705,0.04694675846204355,9.900543212890625,0.0,-0.009860000456683338
30891474,-0.006855747662483758,0.015167924697958135,-0.01749538114737703,0.10362560810889931,0.0540152127198823,0.05794033050838898,9.900543212890625,0.0,-0.009860000456683338
30901592,-0.006479879945217704,0.01530400391396114,-0.014612788210622618,0.13109210960652717,0.0891229035435579,0.05109582324031514,9.900543212890625,0.0,-0.009860000456683338
30911514,-0.0046155102911580315,0.015067188468761872,-0.015512531560994525,0.11115812454018226,0.0441053516836476,0.05167626921992685,9.900543212890625,0.0,-0.009860000456683338
